Data/2022/Day2/ctds/1.cnv
* Sea-Bird SBE 9 Data File:
* FileName = C:\CTD\Mir-MER\ST1_D2.hex
* Software Version Seasave V 7.26.7.121
* Temperature SN = 0809
* Conductivity SN = 3159
* Number of Bytes Per Scan = 24
* Number of Voltage Words = 4
* Number of Scans Averaged by the Deck Unit = 1
** Ship: antedon
** Station: ST1 D2
** Operator:
# nquan = 7
# nvalues = 27893                                 
# units = specified
# name 0 = prDM: Pressure, Digiquartz [db]
# name 1 = t090C: Temperature [ITS-90, deg C]
# name 2 = sal00: Salinity, Practical [PSU]
# name 3 = sbeox0V: Oxygen raw, SBE 43 [V]
# name 4 = sbeox0ML/L: Oxygen, SBE 43 [ml/l]
# name 5 = sbox0Mm/Kg: Oxygen, SBE 43 [umol/kg]
# name 6 = flag:  0.000e+00
# span 0 =     -1.162,    508.804                 
# span 1 =    13.7955,    21.3997                 
# span 2 =    38.0925,    38.6943                 
# span 3 =     1.7437,     2.5705                 
# span 4 =     3.7408,     5.7230                 
# span 5 =    162.345,    248.572                 
# span 6 = 0.0000e+00, 0.0000e+00                 
# interval = seconds: 0.0416667
# start_time = Oct 12 2022 09:01:29 [System UTC, header]
# bad_flag = -9.990e-29
*END*
[from data line 5744]
    214.785    13.8768    38.5635     1.9595     4.2513    184.517  0.000e+00
    214.822    13.8766    38.5634     1.9595     4.2511    184.508  0.000e+00
    214.945    13.8767    38.5633     1.9595     4.2509    184.501  0.000e+00
    214.873    13.8766    38.5638     1.9595     4.2507    184.488  0.000e+00
    214.996    13.8766    38.5636     1.9595     4.2509    184.497  0.000e+00
    214.982    13.8765    38.5637     1.9595     4.2510    184.504  0.000e+00
    215.106    13.8768    38.5633     1.9595     4.2512    184.513  0.000e+00
    215.106    13.8768    38.5633     1.9595     4.2510    184.505  0.000e+00
    215.142    13.8768    38.5635     1.9595     4.2509    184.497  0.000e+00
    215.266    13.8770    38.5634     1.9595     4.2511    184.507  0.000e+00
    215.251    13.8765    38.5637     1.9595     4.2509    184.500  0.000e+00
    215.317    13.8768    38.5634     1.9595     4.2511    184.509  0.000e+00
    215.412    13.8768    38.5635     1.9595     4.2510    184.504  0.000e+00
    215.426    13.8770    38.5638     1.9595     4.2508    184.496  0.000e+00
    215.521    13.8773    38.5648     1.9595     4.2507    184.489  0.000e+00
    215.528    13.8778    38.5652     1.9595     4.2505    184.479  0.000e+00
    215.638    13.8783    38.5657     1.9595     4.2507    184.488  0.000e+00
    215.623    13.8787    38.5671     1.9595     4.2508    184.495  0.000e+00
    215.747    13.8797    38.5665     1.9595     4.2510    184.505  0.000e+00
    215.783    13.8802    38.5670     1.9595     4.2509    184.498  0.000e+00
    215.856    13.8810    38.5673     1.9583     4.2467    184.318  0.000e+00
    215.893    13.8813    38.5679     1.9583     4.2462    184.296  0.000e+00
    215.958    13.8819    38.5680     1.9583     4.2458    184.276  0.000e+00
    215.958    13.8820    38.5683     1.9583     4.2457    184.272  0.000e+00
    216.104    13.8824    38.5678     1.9583     4.2453    184.257  0.000e+00
    216.067    13.8825    38.5681     1.9583     4.2453    184.255  0.000e+00
    216.213    13.8823    38.5686     1.9583     4.2450    184.242  0.000e+00
    216.177    13.8827    38.5682     1.9583     4.2446    184.225  0.000e+00
    216.264    13.8832    38.5689     1.9583     4.2443    184.210  0.000e+00
    216.279    13.8832    38.5694     1.9570     4.2403    184.039  0.000e+00
    216.337    13.8837    38.5689     1.9583     4.2441    184.201  0.000e+00
    216.424    13.8839    38.5691     1.9583     4.2438    184.192  0.000e+00
    216.439    13.8844    38.5694     1.9570     4.2396    184.007  0.000e+00
    216.483    13.8842    38.5695     1.9583     4.2434    184.174  0.000e+00
    216.548    13.8844    38.5695     1.9583     4.2437    184.184  0.000e+00
    216.592    13.8844    38.5697     1.9570     4.2396    184.006  0.000e+00
    216.599    13.8845    38.5693     1.9570     4.2395    184.002  0.000e+00
    216.599    13.8845    38.5693     1.9570     4.2390    183.983  0.000e+00
    216.694    13.8844    38.5697     1.9570     4.2387    183.969  0.000e+00
    216.759    13.8844    38.5698     1.9570     4.2384    183.954  0.000e+00
    216.752    13.8845    38.5697     1.9570     4.2380    183.939  0.000e+00
    216.759    13.8844    38.5704     1.9570     4.2377    183.926  0.000e+00
    216.818    13.8845    38.5696     1.9570     4.2375    183.916  0.000e+00
    216.912    13.8845    38.5695     1.9583     4.2413    184.081  0.000e+00
    216.869    13.8845    38.5701     1.9583     4.2414    184.085  0.000e+00
    216.963    13.8847    38.5694     1.9570     4.2376    183.921  0.000e+00
    216.920    13.8847    38.5693     1.9570     4.2374    183.912  0.000e+00
    217.014    13.8844    38.5700     1.9570     4.2377    183.925  0.000e+00
    217.029    13.8844    38.5693     1.9570     4.2376    183.921  0.000e+00
    217.029    13.8844    38.5693     1.9570     4.2375    183.918  0.000e+00
    217.073    13.8844    38.5695     1.9570     4.2375    183.917  0.000e+00
    217.138    13.8847    38.5699     1.9570     4.2375    183.916  0.000e+00
    217.124    13.8845    38.5700     1.9570     4.2375    183.917  0.000e+00
    217.138    13.8844    38.5701     1.9570     4.2376    183.920  0.000e+00
    217.138    13.8845    38.5697     1.9570     4.2376    183.923  0.000e+00
    217.233    13.8844    38.5690     1.9570     4.2378    183.931  0.000e+00
    217.240    13.8844    38.5697     1.9570     4.2379    183.936  0.000e+00
    217.233    13.8844    38.5700     1.9570     4.2381    183.943  0.000e+00
    217.240    13.8847    38.5697     1.9570     4.2383    183.951  0.000e+00
    217.298    13.8847    38.5702     1.9570     4.2385    183.961  0.000e+00
    217.284    13.8849    38.5699     1.9570     4.2388    183.972  0.000e+00
    217.349    13.8849    38.5694     1.9570     4.2391    183.986  0.000e+00
    217.393    13.8849    38.5695     1.9570     4.2394    184.001  0.000e+00
    217.408    13.8847    38.5699     1.9570     4.2398    184.017  0.000e+00
    217.408    13.8847    38.5699     1.9570     4.2402    184.033  0.000e+00
    217.444    13.8847    38.5702     1.9570     4.2406    184.051  0.000e+00
    217.510    13.8847    38.5705     1.9570     4.2411    184.071  0.000e+00
    217.495    13.8851    38.5695     1.9558     4.2375    183.918  0.000e+00
    217.568    13.8849    38.5702     1.9558     4.2377    183.926  0.000e+00
    217.568    13.8851    38.5705     1.9558     4.2375    183.917  0.000e+00
    217.604    13.8851    38.5701     1.9558     4.2374    183.912  0.000e+00
    217.619    13.8852    38.5698     1.9558     4.2373    183.907  0.000e+00
    217.663    13.8852    38.5705     1.9558     4.2372    183.903  0.000e+00
    217.728    13.8854    38.5699     1.9558     4.2372    183.902  0.000e+00
    217.728    13.8852    38.5699     1.9558     4.2371    183.901  0.000e+00
    217.764    13.8852    38.5706     1.9558     4.2372    183.901  0.000e+00
    217.830    13.8854    38.5701     1.9546     4.2332    183.731  0.000e+00
    217.764    13.8852    38.5701     1.9546     4.2329    183.718  0.000e+00
    217.990    13.8854    38.5703     1.9546     4.2324    183.695  0.000e+00
    217.888    13.8852    38.5702     1.9546     4.2322    183.684  0.000e+00
    217.983    13.8852    38.5702     1.9558     4.2360    183.852  0.000e+00
    217.990    13.8854    38.5707     1.9546     4.2319    183.672  0.000e+00
    218.049    13.8855    38.5703     1.9546     4.2318    183.668  0.000e+00
    218.143    13.8854    38.5698     1.9546     4.2318    183.669  0.000e+00
    218.100    13.8855    38.5704     1.9546     4.2314    183.650  0.000e+00
    218.194    13.8855    38.5704     1.9546     4.2310    183.636  0.000e+00
    218.209    13.8856    38.5700     1.9534     4.2267    183.449  0.000e+00
    218.260    13.8854    38.5703     1.9546     4.2301    183.596  0.000e+00
    218.304    13.8857    38.5700     1.9546     4.2299    183.585  0.000e+00
    218.369    13.8857    38.5695     1.9534     4.2257    183.404  0.000e+00
    218.420    13.8855    38.5702     1.9534     4.2252    183.381  0.000e+00
    218.464    13.8857    38.5703     1.9534     4.2247    183.360  0.000e+00
    218.471    13.8855    38.5703     1.9534     4.2246    183.357  0.000e+00
    218.573    13.8855    38.5704     1.9534     4.2247    183.359  0.000e+00
    218.580    13.8855    38.5710     1.9534     4.2243    183.344  0.000e+00
    218.690    13.8855    38.5704     1.9534     4.2241    183.335  0.000e+00
    218.675    13.8855    38.5701     1.9534     4.2239    183.324  0.000e+00
    218.741    13.8857    38.5700     1.9534     4.2237    183.317  0.000e+00
    218.799    13.8855    38.5701     1.9534     4.2236    183.312  0.000e+00
    218.835    13.8857    38.5704     1.9534     4.2235    183.307  0.000e+00
    218.959    13.8857    38.5705     1.9534     4.2235    183.307  0.000e+00
    218.945    13.8857    38.5705     1.9522     4.2195    183.133  0.000e+00
    219.010    13.8855    38.5704     1.9522     4.2192    183.122  0.000e+00
    219.061    13.8856    38.5704     1.9522     4.2189    183.111  0.000e+00
    219.156    13.8859    38.5702     1.9522     4.2188    183.104  0.000e+00
    219.119    13.8859    38.5700     1.9534     4.2226    183.271  0.000e+00
    219.280    13.8857    38.5705     1.9534     4.2230    183.286  0.000e+00
    219.265    13.8859    38.5705     1.9522     4.2193    183.126  0.000e+00
    219.331    13.8859    38.5697     1.9522     4.2194    183.129  0.000e+00
    219.440    13.8857    38.5704     1.9522     4.2195    183.135  0.000e+00
    219.425    13.8859    38.5705     1.9522     4.2196    183.140  0.000e+00
    219.491    13.8857    38.5701     1.9522     4.2199    183.151  0.000e+00
    219.542    13.8859    38.5702     1.9509     4.2161    182.989  0.000e+00
    219.586    13.8859    38.5709     1.9522     4.2201    183.161  0.000e+00
    219.651    13.8857    38.5705     1.9522     4.2206    183.181  0.000e+00
    219.746    13.8859    38.5703     1.9522     4.2210    183.203  0.000e+00
    219.702    13.8859    38.5705     1.9522     4.2212    183.207  0.000e+00
    219.812    13.8859    38.5704     1.9522     4.2214    183.218  0.000e+00
    219.804    13.8861    38.5702     1.9509     4.2176    183.054  0.000e+00
    219.921    13.8860    38.5704     1.9509     4.2176    183.053  0.000e+00
    219.921    13.8859    38.5702     1.9509     4.2176    183.053  0.000e+00
    220.016    13.8859    38.5699     1.9509     4.2177    183.058  0.000e+00
    220.023    13.8859    38.5703     1.9497     4.2138    182.889  0.000e+00
    220.023    13.8857    38.5708     1.9509     4.2176    183.054  0.000e+00
    220.125    13.8861    38.5701     1.9509     4.2179    183.067  0.000e+00
    220.132    13.8857    38.5703     1.9509     4.2179    183.065  0.000e+00
    220.183    13.8859    38.5707     1.9497     4.2139    182.890  0.000e+00
    220.227    13.8859    38.5704     1.9497     4.2135    182.877  0.000e+00
    220.292    13.8859    38.5701     1.9509     4.2173    183.040  0.000e+00
    220.292    13.8857    38.5705     1.9509     4.2178    183.063  0.000e+00
    220.387    13.8859    38.5702     1.9509     4.2181    183.073  0.000e+00
    220.351    13.8857    38.5703     1.9497     4.2143    182.910  0.000e+00
    220.453    13.8859    38.5706     1.9497     4.2143    182.909  0.000e+00
    220.387    13.8859    38.5700     1.9509     4.2183    183.081  0.000e+00
    220.511    13.8857    38.5703     1.9497     4.2147    182.929  0.000e+00
    220.511    13.8859    38.5706     1.9497     4.2145    182.916  0.000e+00
    220.547    13.8858    38.5703     1.9497     4.2146    182.924  0.000e+00
    220.562    13.8859    38.5702     1.9497     4.2149    182.934  0.000e+00
    220.562    13.8859    38.5706     1.9497     4.2147    182.929  0.000e+00
    220.606    13.8859    38.5705     1.9497     4.2147    182.927  0.000e+00
    220.613    13.8859    38.5704     1.9497     4.2147    182.927  0.000e+00
    220.671    13.8859    38.5708     1.9497     4.2147    182.929  0.000e+00
    220.657    13.8859    38.5708     1.9497     4.2148    182.932  0.000e+00
    220.671    13.8861    38.5703     1.9497     4.2149    182.937  0.000e+00
    220.722    13.8859    38.5708     1.9497     4.2151    182.946  0.000e+00
    220.715    13.8861    38.5708     1.9497     4.2153    182.954  0.000e+00
    220.773    13.8861    38.5704     1.9497     4.2156    182.967  0.000e+00
    220.773    13.8862    38.5707     1.9497     4.2159    182.979  0.000e+00
    220.766    13.8861    38.5709     1.9497     4.2163    182.995  0.000e+00
    220.831    13.8859    38.5705     1.9497     4.2167    183.014  0.000e+00
    220.831    13.8861    38.5704     1.9497     4.2168    183.017  0.000e+00
    220.817    13.8859    38.5708     1.9497     4.2169    183.020  0.000e+00
    220.933    13.8862    38.5703     1.9497     4.2170    183.028  0.000e+00
    220.933    13.8860    38.5707     1.9497     4.2172    183.035  0.000e+00
    220.933    13.8861    38.5709     1.9497     4.2177    183.058  0.000e+00
    220.977    13.8861    38.5706     1.9497     4.2184    183.086  0.000e+00
    221.043    13.8862    38.5702     1.9497     4.2187    183.099  0.000e+00
    221.043    13.8861    38.5708     1.9497     4.2190    183.112  0.000e+00
    221.086    13.8861    38.5708     1.9497     4.2193    183.128  0.000e+00
    221.094    13.8862    38.5705     1.9497     4.2197    183.143  0.000e+00
    221.152    13.8865    38.5715     1.9497     4.2201    183.159  0.000e+00
    221.196    13.8871    38.5720     1.9497     4.2201    183.160  0.000e+00
    221.254    13.8876    38.5717     1.9497     4.2205    183.179  0.000e+00
    221.254    13.8883    38.5735     1.9497     4.2209    183.194  0.000e+00
    221.298    13.8891    38.5740     1.9497     4.2213    183.213  0.000e+00
    221.312    13.8901    38.5741     1.9497     4.2217    183.232  0.000e+00
    221.414    13.8904    38.5747     1.9497     4.2223    183.257  0.000e+00
    221.407    13.8913    38.5761     1.9497     4.2224    183.261  0.000e+00
    221.523    13.8919    38.5770     1.9497     4.2226    183.269  0.000e+00
    221.472    13.8926    38.5763     1.9497     4.2228    183.277  0.000e+00
    221.574    13.8933    38.5765     1.9485     4.2190    183.115  0.000e+00
    221.625    13.8935    38.5770     1.9497     4.2226    183.268  0.000e+00
    221.633    13.8938    38.5769     1.9497     4.2228    183.279  0.000e+00
    221.742    13.8939    38.5769     1.9485     4.2192    183.121  0.000e+00
    221.727    13.8941    38.5774     1.9497     4.2231    183.292  0.000e+00
    221.844    13.8945    38.5771     1.9485     4.2191    183.119  0.000e+00
    221.844    13.8948    38.5774     1.9485     4.2187    183.101  0.000e+00
    221.888    13.8948    38.5778     1.9485     4.2187    183.102  0.000e+00
    221.953    13.8950    38.5777     1.9485     4.2188    183.105  0.000e+00
    222.004    13.8951    38.5776     1.9485     4.2189    183.109  0.000e+00
    222.114    13.8951    38.5777     1.9485     4.2187    183.099  0.000e+00
    222.106    13.8953    38.5782     1.9485     4.2184    183.087  0.000e+00
    222.165    13.8955    38.5785     1.9485     4.2185    183.093  0.000e+00
    222.223    13.8958    38.5779     1.9485     4.2183    183.085  0.000e+00
    222.318    13.8958    38.5783     1.9485     4.2182    183.078  0.000e+00
    222.325    13.8963    38.5791     1.9485     4.2179    183.067  0.000e+00
    222.434    13.8967    38.5802     1.9485     4.2178    183.059  0.000e+00
    222.427    13.8975    38.5807     1.9485     4.2175    183.049  0.000e+00
    222.543    13.8983    38.5814     1.9485     4.2174    183.041  0.000e+00
    222.543    13.8990    38.5823     1.9485     4.2172    183.032  0.000e+00
    222.645    13.8997    38.5825     1.9485     4.2170    183.027  0.000e+00
    222.696    13.9003    38.5824     1.9485     4.2169    183.022  0.000e+00
    222.755    13.9009    38.5827     1.9485     4.2168    183.018  0.000e+00
    222.755    13.9013    38.5827     1.9485     4.2167    183.013  0.000e+00
    222.806    13.9013    38.5828     1.9485     4.2167    183.012  0.000e+00
    222.908    13.9017    38.5831     1.9485     4.2167    183.012  0.000e+00
    222.966    13.9019    38.5836     1.9485     4.2167    183.011  0.000e+00
    223.024    13.9020    38.5837     1.9485     4.2167    183.011  0.000e+00
    223.017    13.9024    38.5835     1.9485     4.2167    183.011  0.000e+00
    223.134    13.9024    38.5836     1.9485     4.2168    183.015  0.000e+00
    223.134    13.9024    38.5841     1.9473     4.2128    182.843  0.000e+00
    223.185    13.9029    38.5845     1.9473     4.2125    182.829  0.000e+00
    223.279    13.9032    38.5850     1.9473     4.2122    182.818  0.000e+00
    223.236    13.9037    38.5846     1.9473     4.2119    182.806  0.000e+00
