Data/2022/Day2/ctds/1.cnv
* Sea-Bird SBE 9 Data File:
* FileName = C:\CTD\Mir-MER\ST1_D2.hex
* Software Version Seasave V 7.26.7.121
* Temperature SN = 0809
* Conductivity SN = 3159
* Number of Bytes Per Scan = 24
* Number of Voltage Words = 4
* Number of Scans Averaged by the Deck Unit = 1
** Ship: antedon
** Station: ST1 D2
** Operator:
# nquan = 7
# nvalues = 27893                                 
# units = specified
# name 0 = prDM: Pressure, Digiquartz [db]
# name 1 = t090C: Temperature [ITS-90, deg C]
# name 2 = sal00: Salinity, Practical [PSU]
# name 3 = sbeox0V: Oxygen raw, SBE 43 [V]
# name 4 = sbeox0ML/L: Oxygen, SBE 43 [ml/l]
# name 5 = sbox0Mm/Kg: Oxygen, SBE 43 [umol/kg]
# name 6 = flag:  0.000e+00
# span 0 =     -1.162,    508.804                 
# span 1 =    13.7955,    21.3997                 
# span 2 =    38.0925,    38.6943                 
# span 3 =     1.7437,     2.5705                 
# span 4 =     3.7408,     5.7230                 
# span 5 =    162.345,    248.572                 
# span 6 = 0.0000e+00, 0.0000e+00                 
# interval = seconds: 0.0416667
# start_time = Oct 12 2022 09:01:29 [System UTC, header]
# bad_flag = -9.990e-29
*END*
[from data line 9642]
    374.999    14.0439    38.6890     1.7971     3.8243    165.975  0.000e+00
    374.999    14.0440    38.6890     1.7971     3.8246    165.985  0.000e+00
    375.058    14.0442    38.6889     1.7971     3.8249    165.998  0.000e+00
    375.109    14.0440    38.6890     1.7971     3.8248    165.997  0.000e+00
    375.116    14.0441    38.6886     1.7971     3.8252    166.011  0.000e+00
    375.109    14.0442    38.6885     1.7971     3.8251    166.009  0.000e+00
    375.160    14.0441    38.6888     1.7971     3.8256    166.027  0.000e+00
    375.219    14.0440    38.6886     1.7971     3.8260    166.046  0.000e+00
    375.219    14.0442    38.6888     1.7971     3.8264    166.065  0.000e+00
    375.270    14.0442    38.6887     1.7971     3.8265    166.069  0.000e+00
    375.270    14.0441    38.6887     1.7971     3.8266    166.074  0.000e+00
    375.328    14.0444    38.6886     1.7971     3.8267    166.079  0.000e+00
    375.387    14.0442    38.6888     1.7971     3.8269    166.086  0.000e+00
    375.430    14.0444    38.6884     1.7971     3.8271    166.093  0.000e+00
    375.379    14.0442    38.6892     1.7971     3.8272    166.098  0.000e+00
    375.489    14.0442    38.6887     1.7971     3.8274    166.109  0.000e+00
    375.540    14.0442    38.6888     1.7971     3.8276    166.118  0.000e+00
    375.540    14.0442    38.6889     1.7971     3.8278    166.127  0.000e+00
    375.650    14.0444    38.6889     1.7971     3.8281    166.138  0.000e+00
    375.650    14.0446    38.6889     1.7971     3.8283    166.148  0.000e+00
    375.708    14.0445    38.6888     1.7971     3.8286    166.160  0.000e+00
    375.701    14.0448    38.6889     1.7971     3.8289    166.171  0.000e+00
    375.810    14.0445    38.6889     1.7971     3.8292    166.186  0.000e+00
    375.810    14.0448    38.6888     1.7971     3.8295    166.198  0.000e+00
    375.920    14.0449    38.6890     1.7971     3.8298    166.214  0.000e+00
    375.920    14.0452    38.6893     1.7971     3.8301    166.226  0.000e+00
    375.971    14.0454    38.6897     1.7971     3.8301    166.224  0.000e+00
    376.030    14.0462    38.6897     1.7971     3.8300    166.220  0.000e+00
    376.081    14.0464    38.6900     1.7971     3.8300    166.218  0.000e+00
    376.132    14.0469    38.6902     1.7959     3.8262    166.056  0.000e+00
    376.132    14.0471    38.6902     1.7959     3.8262    166.056  0.000e+00
    376.241    14.0474    38.6899     1.7959     3.8259    166.042  0.000e+00
    376.183    14.0474    38.6901     1.7959     3.8255    166.025  0.000e+00
    376.402    14.0479    38.6913     1.7959     3.8256    166.029  0.000e+00
    376.351    14.0491    38.6915     1.7959     3.8252    166.011  0.000e+00
    376.453    14.0501    38.6922     1.7959     3.8248    165.996  0.000e+00
    376.512    14.0506    38.6915     1.7971     3.8286    166.161  0.000e+00
    376.512    14.0513    38.6918     1.7959     3.8246    165.987  0.000e+00
    376.563    14.0514    38.6914     1.7971     3.8285    166.153  0.000e+00
    376.672    14.0513    38.6924     1.7959     3.8246    165.984  0.000e+00
    376.672    14.0518    38.6921     1.7959     3.8243    165.972  0.000e+00
    376.731    14.0521    38.6921     1.7959     3.8241    165.963  0.000e+00
    376.775    14.0523    38.6916     1.7959     3.8239    165.955  0.000e+00
    376.833    14.0525    38.6920     1.7959     3.8237    165.947  0.000e+00
    376.884    14.0525    38.6921     1.7959     3.8236    165.940  0.000e+00
    376.943    14.0526    38.6917     1.7959     3.8234    165.935  0.000e+00
    376.994    14.0526    38.6915     1.7959     3.8233    165.930  0.000e+00
    377.001    14.0526    38.6916     1.7959     3.8232    165.924  0.000e+00
    377.104    14.0525    38.6919     1.7959     3.8231    165.922  0.000e+00
    377.103    14.0525    38.6916     1.7959     3.8230    165.918  0.000e+00
    377.155    14.0523    38.6918     1.7959     3.8230    165.916  0.000e+00
    377.206    14.0523    38.6918     1.7959     3.8230    165.915  0.000e+00
    377.264    14.0521    38.6922     1.7959     3.8229    165.914  0.000e+00
    377.264    14.0525    38.6916     1.7947     3.8188    165.736  0.000e+00
    377.374    14.0520    38.6927     1.7947     3.8185    165.722  0.000e+00
    377.374    14.0521    38.6922     1.7947     3.8182    165.707  0.000e+00
    377.425    14.0523    38.6921     1.7947     3.8179    165.694  0.000e+00
    377.535    14.0525    38.6918     1.7959     3.8217    165.860  0.000e+00
    377.476    14.0523    38.6924     1.7947     3.8177    165.687  0.000e+00
    377.593    14.0523    38.6920     1.7947     3.8176    165.680  0.000e+00
    377.586    14.0526    38.6920     1.7947     3.8173    165.670  0.000e+00
    377.637    14.0525    38.6915     1.7959     3.8213    165.841  0.000e+00
    377.695    14.0523    38.6919     1.7959     3.8215    165.852  0.000e+00
    377.695    14.0523    38.6921     1.7959     3.8217    165.862  0.000e+00
    377.805    14.0525    38.6917     1.7947     3.8180    165.698  0.000e+00
    377.798    14.0525    38.6918     1.7947     3.8179    165.694  0.000e+00
    377.856    14.0523    38.6921     1.7959     3.8219    165.869  0.000e+00
    377.856    14.0523    38.6923     1.7959     3.8222    165.883  0.000e+00
    377.966    14.0523    38.6922     1.7947     3.8186    165.724  0.000e+00
    377.966    14.0523    38.6923     1.7947     3.8186    165.724  0.000e+00
    377.966    14.0523    38.6915     1.7947     3.8186    165.726  0.000e+00
    378.068    14.0521    38.6922     1.7959     3.8228    165.907  0.000e+00
    378.068    14.0523    38.6918     1.7947     3.8192    165.751  0.000e+00
    378.126    14.0521    38.6925     1.7947     3.8193    165.757  0.000e+00
    378.126    14.0525    38.6923     1.7959     3.8235    165.938  0.000e+00
    378.177    14.0525    38.6923     1.7947     3.8200    165.786  0.000e+00
    378.287    14.0526    38.6918     1.7947     3.8202    165.797  0.000e+00
    378.229    14.0525    38.6923     1.7947     3.8204    165.805  0.000e+00
    378.338    14.0526    38.6920     1.7947     3.8203    165.801  0.000e+00
    378.338    14.0525    38.6923     1.7947     3.8202    165.796  0.000e+00
    378.338    14.0526    38.6922     1.7947     3.8201    165.790  0.000e+00
    378.448    14.0526    38.6922     1.7947     3.8201    165.789  0.000e+00
    378.499    14.0525    38.6923     1.7947     3.8200    165.787  0.000e+00
    378.557    14.0525    38.6921     1.7947     3.8200    165.786  0.000e+00
    378.499    14.0525    38.6925     1.7947     3.8199    165.782  0.000e+00
    378.608    14.0523    38.6921     1.7959     3.8244    165.977  0.000e+00
    378.667    14.0526    38.6922     1.7959     3.8248    165.993  0.000e+00
    378.660    14.0523    38.6923     1.7947     3.8215    165.850  0.000e+00
    378.718    14.0525    38.6924     1.7947     3.8215    165.852  0.000e+00
    378.820    14.0523    38.6925     1.7947     3.8216    165.855  0.000e+00
    378.820    14.0526    38.6926     1.7947     3.8216    165.856  0.000e+00
    378.828    14.0528    38.6924     1.7947     3.8217    165.859  0.000e+00
    378.930    14.0526    38.6924     1.7947     3.8218    165.865  0.000e+00
    378.930    14.0528    38.6919     1.7947     3.8219    165.869  0.000e+00
    378.988    14.0528    38.6918     1.7947     3.8221    165.875  0.000e+00
    378.879    14.0523    38.6921     1.7947     3.8222    165.880  0.000e+00
    379.259    14.0525    38.6919     1.7959     3.8265    166.070  0.000e+00
    379.149    14.0521    38.6924     1.7947     3.8230    165.914  0.000e+00
    379.149    14.0523    38.6920     1.7947     3.8231    165.921  0.000e+00
    379.200    14.0521    38.6922     1.7947     3.8233    165.930  0.000e+00
    379.259    14.0520    38.6920     1.7947     3.8236    165.940  0.000e+00
    379.310    14.0521    38.6921     1.7947     3.8238    165.949  0.000e+00
    379.361    14.0520    38.6920     1.7947     3.8236    165.944  0.000e+00
    379.361    14.0518    38.6927     1.7947     3.8235    165.936  0.000e+00
    379.412    14.0516    38.6921     1.7947     3.8233    165.931  0.000e+00
    379.529    14.0514    38.6923     1.7947     3.8232    165.926  0.000e+00
    379.471    14.0513    38.6922     1.7947     3.8234    165.935  0.000e+00
    379.580    14.0511    38.6921     1.7947     3.8234    165.931  0.000e+00
    379.631    14.0510    38.6920     1.7947     3.8232    165.926  0.000e+00
    379.580    14.0508    38.6921     1.7947     3.8231    165.919  0.000e+00
    379.741    14.0510    38.6918     1.7947     3.8234    165.932  0.000e+00
    379.682    14.0508    38.6920     1.7947     3.8236    165.942  0.000e+00
    379.792    14.0506    38.6921     1.7947     3.8239    165.957  0.000e+00
    379.792    14.0503    38.6920     1.7934     3.8198    165.777  0.000e+00
    379.851    14.0503    38.6919     1.7934     3.8194    165.758  0.000e+00
    379.843    14.0503    38.6919     1.7934     3.8193    165.755  0.000e+00
    379.953    14.0500    38.6922     1.7934     3.8193    165.757  0.000e+00
    379.953    14.0499    38.6918     1.7947     3.8230    165.917  0.000e+00
    380.011    14.0500    38.6924     1.7947     3.8230    165.916  0.000e+00
    380.011    14.0497    38.6921     1.7934     3.8190    165.740  0.000e+00
    380.114    14.0498    38.6925     1.7934     3.8190    165.742  0.000e+00
    380.114    14.0501    38.6917     1.7934     3.8186    165.727  0.000e+00
    380.114    14.0500    38.6923     1.7934     3.8183    165.713  0.000e+00
    380.223    14.0499    38.6921     1.7934     3.8185    165.719  0.000e+00
    380.223    14.0498    38.6923     1.7934     3.8182    165.707  0.000e+00
    380.274    14.0498    38.6922     1.7934     3.8179    165.696  0.000e+00
    380.333    14.0497    38.6921     1.7934     3.8177    165.687  0.000e+00
    380.333    14.0498    38.6917     1.7934     3.8175    165.677  0.000e+00
    380.384    14.0494    38.6919     1.7934     3.8173    165.669  0.000e+00
    380.435    14.0494    38.6922     1.7934     3.8171    165.661  0.000e+00
    380.435    14.0494    38.6923     1.7934     3.8169    165.653  0.000e+00
    380.493    14.0498    38.6919     1.7934     3.8168    165.646  0.000e+00
    380.545    14.0496    38.6918     1.7934     3.8167    165.641  0.000e+00
    380.603    14.0494    38.6916     1.7934     3.8166    165.637  0.000e+00
    380.603    14.0489    38.6917     1.7934     3.8169    165.650  0.000e+00
    380.654    14.0484    38.6918     1.7934     3.8172    165.666  0.000e+00
    380.705    14.0483    38.6913     1.7934     3.8172    165.665  0.000e+00
    380.705    14.0477    38.6922     1.7934     3.8172    165.664  0.000e+00
    380.764    14.0480    38.6916     1.7934     3.8172    165.664  0.000e+00
    380.815    14.0479    38.6920     1.7934     3.8172    165.664  0.000e+00
    380.866    14.0480    38.6921     1.7934     3.8172    165.665  0.000e+00
    380.866    14.0481    38.6922     1.7934     3.8172    165.665  0.000e+00
    380.976    14.0483    38.6916     1.7935     3.8173    165.669  0.000e+00
    380.924    14.0481    38.6921     1.7935     3.8173    165.670  0.000e+00
    381.034    14.0483    38.6919     1.7935     3.8174    165.674  0.000e+00
    381.085    14.0484    38.6917     1.7935     3.8179    165.695  0.000e+00
    381.034    14.0483    38.6916     1.7935     3.8180    165.700  0.000e+00
    381.136    14.0484    38.6920     1.7935     3.8182    165.707  0.000e+00
    381.195    14.0483    38.6922     1.7935     3.8184    165.714  0.000e+00
    381.246    14.0484    38.6919     1.7935     3.8185    165.722  0.000e+00
    381.246    14.0484    38.6918     1.7935     3.8187    165.730  0.000e+00
    381.304    14.0483    38.6920     1.7922     3.8149    165.563  0.000e+00
    381.407    14.0484    38.6920     1.7922     3.8147    165.558  0.000e+00
    381.355    14.0484    38.6916     1.7935     3.8187    165.728  0.000e+00
    381.458    14.0483    38.6915     1.7935     3.8190    165.742  0.000e+00
    381.516    14.0481    38.6914     1.7935     3.8193    165.757  0.000e+00
    381.516    14.0477    38.6917     1.7922     3.8156    165.594  0.000e+00
    381.626    14.0476    38.6912     1.7935     3.8197    165.772  0.000e+00
    381.626    14.0473    38.6919     1.7935     3.8200    165.787  0.000e+00
    381.728    14.0471    38.6912     1.7922     3.8164    165.630  0.000e+00
    381.728    14.0464    38.6914     1.7922     3.8165    165.633  0.000e+00
    381.787    14.0462    38.6914     1.7922     3.8166    165.637  0.000e+00
    381.838    14.0459    38.6917     1.7935     3.8204    165.802  0.000e+00
    381.889    14.0457    38.6909     1.7935     3.8205    165.807  0.000e+00
    381.947    14.0454    38.6916     1.7935     3.8206    165.811  0.000e+00
    381.998    14.0454    38.6912     1.7922     3.8166    165.639  0.000e+00
    382.057    14.0451    38.6914     1.7922     3.8168    165.645  0.000e+00
    382.108    14.0450    38.6913     1.7922     3.8169    165.652  0.000e+00
    382.159    14.0449    38.6920     1.7922     3.8167    165.642  0.000e+00
    382.159    14.0449    38.6916     1.7935     3.8206    165.810  0.000e+00
    382.269    14.0448    38.6911     1.7922     3.8167    165.644  0.000e+00
    382.269    14.0445    38.6910     1.7922     3.8165    165.636  0.000e+00
    382.320    14.0444    38.6912     1.7922     3.8164    165.629  0.000e+00
    382.378    14.0442    38.6912     1.7922     3.8163    165.623  0.000e+00
    382.430    14.0440    38.6907     1.7922     3.8161    165.619  0.000e+00
    382.481    14.0441    38.6910     1.7922     3.8160    165.613  0.000e+00
    382.539    14.0440    38.6910     1.7922     3.8159    165.609  0.000e+00
    382.539    14.0442    38.6906     1.7922     3.8158    165.604  0.000e+00
    382.590    14.0440    38.6914     1.7922     3.8157    165.601  0.000e+00
    382.700    14.0442    38.6911     1.7922     3.8157    165.599  0.000e+00
    382.649    14.0442    38.6912     1.7922     3.8156    165.595  0.000e+00
    382.700    14.0444    38.6909     1.7922     3.8156    165.594  0.000e+00
    382.751    14.0438    38.6905     1.7922     3.8156    165.596  0.000e+00
    382.861    14.0436    38.6906     1.7922     3.8157    165.599  0.000e+00
    382.810    14.0432    38.6906     1.7922     3.8157    165.599  0.000e+00
    382.861    14.0429    38.6907     1.7922     3.8158    165.602  0.000e+00
    382.912    14.0428    38.6907     1.7922     3.8158    165.604  0.000e+00
    382.970    14.0429    38.6912     1.7922     3.8159    165.607  0.000e+00
    382.970    14.0432    38.6909     1.7922     3.8159    165.609  0.000e+00
    382.970    14.0429    38.6913     1.7922     3.8160    165.613  0.000e+00
    383.073    14.0430    38.6907     1.7922     3.8162    165.619  0.000e+00
    383.073    14.0429    38.6909     1.7922     3.8163    165.624  0.000e+00
    383.072    14.0429    38.6910     1.7922     3.8164    165.630  0.000e+00
    383.131    14.0428    38.6910     1.7922     3.8166    165.637  0.000e+00
    383.131    14.0424    38.6909     1.7910     3.8127    165.469  0.000e+00
    383.241    14.0423    38.6913     1.7910     3.8126    165.463  0.000e+00
    383.182    14.0422    38.6906     1.7922     3.8165    165.633  0.000e+00
    383.292    14.0420    38.6905     1.7922     3.8168    165.646  0.000e+00
    383.292    14.0416    38.6903     1.7910     3.8130    165.482  0.000e+00
    383.292    14.0411    38.6907     1.7910     3.8129    165.479  0.000e+00
    383.343    14.0411    38.6903     1.7922     3.8166    165.638  0.000e+00
    383.401    14.0410    38.6907     1.7922     3.8165    165.635  0.000e+00
    383.401    14.0409    38.6908     1.7922     3.8169    165.650  0.000e+00
    383.504    14.0408    38.6912     1.7910     3.8132    165.489  0.000e+00
