Data/2022/Day2/ctds/1.cnv
* Sea-Bird SBE 9 Data File:
* FileName = C:\CTD\Mir-MER\ST1_D2.hex
* Software Version Seasave V 7.26.7.121
* Temperature SN = 0809
* Conductivity SN = 3159
* Number of Bytes Per Scan = 24
* Number of Voltage Words = 4
* Number of Scans Averaged by the Deck Unit = 1
** Ship: antedon
** Station: ST1 D2
** Operator:
# nquan = 7
# nvalues = 27893                                 
# units = specified
# name 0 = prDM: Pressure, Digiquartz [db]
# name 1 = t090C: Temperature [ITS-90, deg C]
# name 2 = sal00: Salinity, Practical [PSU]
# name 3 = sbeox0V: Oxygen raw, SBE 43 [V]
# name 4 = sbeox0ML/L: Oxygen, SBE 43 [ml/l]
# name 5 = sbox0Mm/Kg: Oxygen, SBE 43 [umol/kg]
# name 6 = flag:  0.000e+00
# span 0 =     -1.162,    508.804                 
# span 1 =    13.7955,    21.3997                 
# span 2 =    38.0925,    38.6943                 
# span 3 =     1.7437,     2.5705                 
# span 4 =     3.7408,     5.7230                 
# span 5 =    162.345,    248.572                 
# span 6 = 0.0000e+00, 0.0000e+00                 
# interval = seconds: 0.0416667
# start_time = Oct 12 2022 09:01:29 [System UTC, header]
# bad_flag = -9.990e-29
*END*
[from data line 2257]
     80.831    15.0158    38.1749     2.4750     5.5244    239.901  0.000e+00
     80.838    15.0120    38.1760     2.4750     5.5231    239.845  0.000e+00
     80.787    15.0107    38.1767     2.4738     5.5176    239.605  0.000e+00
     80.889    15.0080    38.1762     2.4738     5.5164    239.554  0.000e+00
     80.838    15.0036    38.1756     2.4725     5.5117    239.350  0.000e+00
     80.831    14.9985    38.1771     2.4725     5.5108    239.308  0.000e+00
     80.838    14.9948    38.1789     2.4713     5.5061    239.104  0.000e+00
     80.831    14.9926    38.1804     2.4701     5.5008    238.875  0.000e+00
     80.889    14.9922    38.1825     2.4689     5.4953    238.634  0.000e+00
     80.831    14.9939    38.1826     2.4677     5.4894    238.381  0.000e+00
     80.889    14.9961    38.1827     2.4677     5.4874    238.291  0.000e+00
     80.889    14.9995    38.1815     2.4652     5.4778    237.877  0.000e+00
     80.889    15.0005    38.1812     2.4652     5.4758    237.788  0.000e+00
     80.947    15.0024    38.1797     2.4640     5.4702    237.547  0.000e+00
     80.940    15.0024    38.1795     2.4628     5.4648    237.310  0.000e+00
     80.998    15.0014    38.1791     2.4615     5.4591    237.065  0.000e+00
     80.990    14.9995    38.1782     2.4615     5.4574    236.989  0.000e+00
     81.049    14.9961    38.1789     2.4591     5.4485    236.603  0.000e+00
     81.099    14.9936    38.1787     2.4591     5.4468    236.531  0.000e+00
     81.107    14.9902    38.1795     2.4567     5.4380    236.146  0.000e+00
     81.150    14.9863    38.1810     2.4554     5.4327    235.916  0.000e+00
     81.208    14.9827    38.1828     2.4542     5.4271    235.672  0.000e+00
     81.150    14.9802    38.1831     2.4542     5.4252    235.592  0.000e+00
     81.368    14.9768    38.1832     2.4530     5.4202    235.375  0.000e+00
     81.317    14.9721    38.1829     2.4518     5.4150    235.146  0.000e+00
     81.368    14.9653    38.1812     2.4506     5.4101    234.935  0.000e+00
     81.477    14.9565    38.1825     2.4493     5.4055    234.735  0.000e+00
     81.470    14.9491    38.1829     2.4481     5.4008    234.530  0.000e+00
     81.528    14.9427    38.1847     2.4469     5.3958    234.312  0.000e+00
     81.528    14.9384    38.1860     2.4457     5.3906    234.087  0.000e+00
     81.637    14.9359    38.1870     2.4444     5.3855    233.864  0.000e+00
     81.688    14.9342    38.1872     2.4432     5.3804    233.642  0.000e+00
     81.739    14.9333    38.1876     2.4432     5.3792    233.590  0.000e+00
     81.797    14.9322    38.1882     2.4420     5.3744    233.379  0.000e+00
     81.789    14.9316    38.1884     2.4396     5.3658    233.006  0.000e+00
     81.957    14.9306    38.1883     2.4396     5.3645    232.951  0.000e+00
     81.949    14.9289    38.1878     2.4383     5.3599    232.751  0.000e+00
     82.007    14.9259    38.1870     2.4371     5.3553    232.553  0.000e+00
     81.898    14.9225    38.1858     2.4359     5.3509    232.361  0.000e+00
     82.276    14.9161    38.1824     2.4347     5.3474    232.208  0.000e+00
     82.167    14.9044    38.1796     2.4334     5.3440    232.060  0.000e+00
     82.218    14.8879    38.1803     2.4334     5.3451    232.108  0.000e+00
     82.327    14.8722    38.1830     2.4322     5.3425    231.994  0.000e+00
     82.327    14.8606    38.1854     2.4310     5.3396    231.867  0.000e+00
     82.385    14.8509    38.1876     2.4298     5.3365    231.729  0.000e+00
     82.545    14.8430    38.1898     2.4298     5.3369    231.747  0.000e+00
     82.487    14.8368    38.1913     2.4286     5.3337    231.610  0.000e+00
     82.545    14.8325    38.1927     2.4273     5.3304    231.462  0.000e+00
     82.589    14.8295    38.1936     2.4261     5.3267    231.304  0.000e+00
     82.596    14.8277    38.1935     2.4261     5.3267    231.303  0.000e+00
     82.697    14.8258    38.1936     2.4249     5.3234    231.162  0.000e+00
     82.756    14.8231    38.1924     2.4237     5.3202    231.020  0.000e+00
     82.806    14.8184    38.1910     2.4237     5.3212    231.065  0.000e+00
     82.806    14.8118    38.1912     2.4225     5.3187    230.957  0.000e+00
     82.865    14.8062    38.1912     2.4212     5.3164    230.856  0.000e+00
     82.908    14.8011    38.1923     2.4200     5.3139    230.748  0.000e+00
     82.915    14.7965    38.1924     2.4188     5.3113    230.632  0.000e+00
     82.966    14.7926    38.1926     2.4176     5.3085    230.511  0.000e+00
     83.017    14.7893    38.1932     2.4163     5.3055    230.383  0.000e+00
     83.075    14.7855    38.1939     2.4163     5.3067    230.433  0.000e+00
     83.068    14.7840    38.2008     2.4151     5.3035    230.290  0.000e+00
     83.126    14.7936    38.2062     2.4151     5.3032    230.277  0.000e+00
     83.184    14.8074    38.1962     2.4139     5.2993    230.113  0.000e+00
     83.177    14.8045    38.1908     2.4127     5.2970    230.011  0.000e+00
     83.235    14.8030    38.1969     2.4115     5.2940    229.881  0.000e+00
     83.228    14.8116    38.1962     2.4102     5.2904    229.725  0.000e+00
     83.235    14.8144    38.1924     2.4090     5.2871    229.582  0.000e+00
     83.344    14.8131    38.1927     2.4090     5.2882    229.629  0.000e+00
     83.337    14.8136    38.1901     2.4078     5.2851    229.498  0.000e+00
     83.344    14.8052    38.1841     2.4066     5.2831    229.408  0.000e+00
     83.387    14.7908    38.1803     2.4054     5.2814    229.339  0.000e+00
     83.395    14.7782    38.1795     2.4041     5.2797    229.264  0.000e+00
     83.395    14.7653    38.1828     2.4041     5.2816    229.345  0.000e+00
     83.496    14.7532    38.1869     2.4029     5.2799    229.267  0.000e+00
     83.445    14.7432    38.1902     2.4017     5.2777    229.172  0.000e+00
     83.496    14.7352    38.1921     2.4017     5.2791    229.233  0.000e+00
     83.504    14.7288    38.1937     2.4005     5.2767    229.128  0.000e+00
     83.554    14.7236    38.1950     2.3992     5.2741    229.013  0.000e+00
     83.547    14.7195    38.1969     2.3980     5.2711    228.884  0.000e+00
     83.605    14.7170    38.1978     2.3968     5.2680    228.746  0.000e+00
     83.605    14.7150    38.1981     2.3968     5.2684    228.766  0.000e+00
     83.605    14.7131    38.1976     2.3956     5.2656    228.642  0.000e+00
     83.663    14.7097    38.1963     2.3956     5.2666    228.689  0.000e+00
     83.707    14.7054    38.1947     2.3944     5.2638    228.566  0.000e+00
     83.714    14.6991    38.1944     2.3931     5.2613    228.457  0.000e+00
     83.707    14.6928    38.1948     2.3931     5.2624    228.506  0.000e+00
     83.823    14.6874    38.1959     2.3919     5.2599    228.394  0.000e+00
     83.765    14.6836    38.1971     2.3907     5.2569    228.263  0.000e+00
     83.867    14.6802    38.1982     2.3895     5.2537    228.127  0.000e+00
     83.874    14.6765    38.1980     2.3895     5.2543    228.152  0.000e+00
     83.976    14.6706    38.1980     2.3882     5.2518    228.044  0.000e+00
     83.925    14.6636    38.2000     2.3870     5.2491    227.925  0.000e+00
     84.034    14.6601    38.1993     2.3870     5.2499    227.960  0.000e+00
     84.085    14.6545    38.1991     2.3858     5.2472    227.841  0.000e+00
     84.084    14.6489    38.2003     2.3846     5.2446    227.726  0.000e+00
     84.084    14.6456    38.2009     2.3834     5.2415    227.594  0.000e+00
     84.186    14.6427    38.2015     2.3834     5.2422    227.623  0.000e+00
     84.244    14.6397    38.2017     2.3821     5.2392    227.492  0.000e+00
     84.244    14.6378    38.2022     2.3809     5.2361    227.360  0.000e+00
     84.295    14.6366    38.2027     2.3797     5.2329    227.220  0.000e+00
     84.353    14.6363    38.2030     2.3797     5.2333    227.236  0.000e+00
     84.346    14.6360    38.2027     2.3785     5.2303    227.105  0.000e+00
     84.455    14.6348    38.2026     2.3773     5.2273    226.974  0.000e+00
     84.455    14.6341    38.2030     2.3773     5.2278    226.997  0.000e+00
     84.506    14.6343    38.2025     2.3760     5.2246    226.859  0.000e+00
     84.513    14.6341    38.2028     2.3760     5.2251    226.878  0.000e+00
     84.564    14.6338    38.2020     2.3748     5.2219    226.741  0.000e+00
     84.615    14.6331    38.2016     2.3736     5.2185    226.596  0.000e+00
     84.673    14.6314    38.2014     2.3736     5.2193    226.629  0.000e+00
     84.666    14.6307    38.2012     2.3724     5.2162    226.495  0.000e+00
     84.724    14.6299    38.2009     2.3711     5.2133    226.370  0.000e+00
     84.724    14.6281    38.2005     2.3699     5.2103    226.240  0.000e+00
     84.825    14.6268    38.2006     2.3699     5.2110    226.268  0.000e+00
     84.833    14.6250    38.2010     2.3687     5.2079    226.136  0.000e+00
     84.825    14.6238    38.2007     2.3675     5.2046    225.992  0.000e+00
     84.934    14.6230    38.2007     2.3675     5.2050    226.009  0.000e+00
     84.934    14.6216    38.2014     2.3663     5.2020    225.877  0.000e+00
     84.934    14.6205    38.2011     2.3650     5.1988    225.737  0.000e+00
     84.992    14.6196    38.2014     2.3650     5.1992    225.755  0.000e+00
     85.043    14.6190    38.2013     2.3638     5.1959    225.611  0.000e+00
     85.094    14.6186    38.2015     2.3638     5.1962    225.624  0.000e+00
     85.094    14.6183    38.2012     2.3626     5.1930    225.488  0.000e+00
     85.152    14.6180    38.2014     2.3626     5.1936    225.511  0.000e+00
     85.145    14.6176    38.2016     2.3614     5.1903    225.371  0.000e+00
     85.254    14.6173    38.2011     2.3602     5.1873    225.239  0.000e+00
     85.254    14.6170    38.2012     2.3602     5.1878    225.262  0.000e+00
     85.305    14.6166    38.2004     2.3589     5.1847    225.126  0.000e+00
     85.363    14.6164    38.2006     2.3577     5.1813    224.978  0.000e+00
     85.363    14.6165    38.2009     2.3577     5.1814    224.984  0.000e+00
     85.414    14.6162    38.2005     2.3565     5.1783    224.847  0.000e+00
     85.414    14.6154    38.2012     2.3565     5.1787    224.866  0.000e+00
     85.523    14.6153    38.2004     2.3565     5.1797    224.907  0.000e+00
     85.523    14.6151    38.2011     2.3553     5.1767    224.780  0.000e+00
     85.523    14.6152    38.2011     2.3553     5.1774    224.809  0.000e+00
     85.624    14.6153    38.2008     2.3528     5.1709    224.527  0.000e+00
     85.632    14.6151    38.2006     2.3540     5.1754    224.720  0.000e+00
     85.682    14.6142    38.1997     2.3540     5.1765    224.769  0.000e+00
     85.733    14.6129    38.1996     2.3516     5.1700    224.488  0.000e+00
     85.733    14.6119    38.2000     2.3504     5.1671    224.361  0.000e+00
     85.791    14.6105    38.2001     2.3516     5.1717    224.561  0.000e+00
     85.842    14.6106    38.2003     2.3504     5.1689    224.437  0.000e+00
     85.893    14.6100    38.2009     2.3492     5.1661    224.320  0.000e+00
     85.893    14.6100    38.1986     2.3492     5.1670    224.359  0.000e+00
     86.002    14.6077    38.1986     2.3492     5.1682    224.411  0.000e+00
     85.951    14.6050    38.1989     2.3479     5.1656    224.295  0.000e+00
     86.053    14.6028    38.1985     2.3467     5.1630    224.185  0.000e+00
     86.053    14.5997    38.1988     2.3467     5.1641    224.231  0.000e+00
     86.162    14.5969    38.1991     2.3455     5.1614    224.114  0.000e+00
     86.162    14.5950    38.1989     2.3455     5.1622    224.146  0.000e+00
     86.213    14.5930    38.1995     2.3455     5.1633    224.195  0.000e+00
     86.213    14.5909    38.1996     2.3443     5.1606    224.079  0.000e+00
     86.271    14.5893    38.1993     2.3443     5.1615    224.117  0.000e+00
     86.322    14.5873    38.1993     2.3443     5.1628    224.172  0.000e+00
     86.372    14.5846    38.1993     2.3443     5.1642    224.232  0.000e+00
     86.372    14.5832    38.1994     2.3430     5.1619    224.133  0.000e+00
     86.481    14.5817    38.2001     2.3418     5.1594    224.024  0.000e+00
     86.481    14.5800    38.1994     2.3418     5.1604    224.068  0.000e+00
     86.481    14.5779    38.1988     2.3406     5.1579    223.962  0.000e+00
     86.590    14.5753    38.1982     2.3406     5.1592    224.016  0.000e+00
     86.590    14.5728    38.1980     2.3406     5.1603    224.067  0.000e+00
     86.590    14.5696    38.1971     2.3394     5.1577    223.954  0.000e+00
     86.692    14.5658    38.1980     2.3394     5.1591    224.011  0.000e+00
     86.692    14.5625    38.1990     2.3382     5.1565    223.897  0.000e+00
     86.750    14.5598    38.1993     2.3382     5.1573    223.935  0.000e+00
     86.750    14.5576    38.1993     2.3382     5.1585    223.984  0.000e+00
     86.801    14.5559    38.2001     2.3382     5.1596    224.031  0.000e+00
     86.852    14.5542    38.2005     2.3369     5.1568    223.910  0.000e+00
     86.910    14.5524    38.1998     2.3357     5.1540    223.790  0.000e+00
     86.910    14.5500    38.1991     2.3357     5.1548    223.824  0.000e+00
     86.910    14.5474    38.1991     2.3357     5.1559    223.871  0.000e+00
     87.012    14.5451    38.2003     2.3357     5.1569    223.917  0.000e+00
     87.012    14.5434    38.2005     2.3357     5.1582    223.972  0.000e+00
     87.012    14.5415    38.2010     2.3345     5.1556    223.859  0.000e+00
     87.070    14.5403    38.2010     2.3345     5.1564    223.895  0.000e+00
     87.121    14.5390    38.2014     2.3345     5.1576    223.944  0.000e+00
     87.172    14.5379    38.2016     2.3345     5.1586    223.990  0.000e+00
     87.121    14.5369    38.2017     2.3333     5.1557    223.863  0.000e+00
     87.230    14.5361    38.2013     2.3333     5.1567    223.904  0.000e+00
     87.230    14.5352    38.2006     2.3333     5.1575    223.941  0.000e+00
     87.230    14.5340    38.2013     2.3333     5.1586    223.988  0.000e+00
     87.280    14.5331    38.2015     2.3321     5.1561    223.880  0.000e+00
     87.331    14.5323    38.2013     2.3321     5.1571    223.922  0.000e+00
     87.389    14.5314    38.2017     2.3321     5.1583    223.976  0.000e+00
     87.389    14.5310    38.2020     2.3321     5.1590    224.007  0.000e+00
     87.389    14.5305    38.2017     2.3308     5.1565    223.897  0.000e+00
     87.491    14.5300    38.2012     2.3308     5.1578    223.955  0.000e+00
     87.440    14.5284    38.2010     2.3308     5.1587    223.994  0.000e+00
     87.549    14.5264    38.1996     2.3296     5.1559    223.870  0.000e+00
     87.491    14.5237    38.2006     2.3296     5.1570    223.919  0.000e+00
     87.600    14.5214    38.2009     2.3296     5.1581    223.967  0.000e+00
     87.600    14.5198    38.2008     2.3284     5.1551    223.837  0.000e+00
     87.651    14.5183    38.2018     2.3284     5.1559    223.870  0.000e+00
     87.709    14.5170    38.2020     2.3284     5.1569    223.913  0.000e+00
     87.709    14.5158    38.2015     2.3284     5.1578    223.951  0.000e+00
     87.760    14.5134    38.2014     2.3284     5.1587    223.990  0.000e+00
     87.811    14.5112    38.2004     2.3272     5.1559    223.870  0.000e+00
     87.811    14.5075    38.2009     2.3272     5.1566    223.902  0.000e+00
     87.869    14.5034    38.2017     2.3272     5.1576    223.945  0.000e+00
     87.971    14.4997    38.2029     2.3259     5.1550    223.829  0.000e+00
     87.920    14.4968    38.2043     2.3259     5.1555    223.852  0.000e+00
     88.029    14.4945    38.2055     2.3259     5.1563    223.886  0.000e+00
     88.029    14.4928    38.2067     2.3259     5.1572    223.924  0.000e+00
     88.079    14.4915    38.2069     2.3247     5.1544    223.804  0.000e+00
     88.130    14.4892    38.2075     2.3247     5.1552    223.836  0.000e+00
