Data/2022/Day2/ctds/1.cnv
* Sea-Bird SBE 9 Data File:
* FileName = C:\CTD\Mir-MER\ST1_D2.hex
* Software Version Seasave V 7.26.7.121
* Temperature SN = 0809
* Conductivity SN = 3159
* Number of Bytes Per Scan = 24
* Number of Voltage Words = 4
* Number of Scans Averaged by the Deck Unit = 1
** Ship: antedon
** Station: ST1 D2
** Operator:
# nquan = 7
# nvalues = 27893                                 
# units = specified
# name 0 = prDM: Pressure, Digiquartz [db]
# name 1 = t090C: Temperature [ITS-90, deg C]
# name 2 = sal00: Salinity, Practical [PSU]
# name 3 = sbeox0V: Oxygen raw, SBE 43 [V]
# name 4 = sbeox0ML/L: Oxygen, SBE 43 [ml/l]
# name 5 = sbox0Mm/Kg: Oxygen, SBE 43 [umol/kg]
# name 6 = flag:  0.000e+00
# span 0 =     -1.162,    508.804                 
# span 1 =    13.7955,    21.3997                 
# span 2 =    38.0925,    38.6943                 
# span 3 =     1.7437,     2.5705                 
# span 4 =     3.7408,     5.7230                 
# span 5 =    162.345,    248.572                 
# span 6 = 0.0000e+00, 0.0000e+00                 
# interval = seconds: 0.0416667
# start_time = Oct 12 2022 09:01:29 [System UTC, header]
# bad_flag = -9.990e-29
*END*
[from data line 8821]
    340.644    14.0327    38.6757     1.8276     3.9031    169.395  0.000e+00
    340.666    14.0324    38.6751     1.8276     3.9031    169.393  0.000e+00
    340.717    14.0320    38.6752     1.8264     3.8990    169.216  0.000e+00
    340.747    14.0310    38.6754     1.8276     3.9027    169.377  0.000e+00
    340.827    14.0310    38.6752     1.8264     3.8987    169.203  0.000e+00
    340.827    14.0303    38.6753     1.8264     3.8984    169.189  0.000e+00
    340.856    14.0302    38.6754     1.8264     3.8981    169.175  0.000e+00
    340.878    14.0299    38.6760     1.8276     3.9018    169.338  0.000e+00
    340.936    14.0300    38.6750     1.8264     3.8979    169.168  0.000e+00
    340.966    14.0299    38.6751     1.8264     3.8976    169.157  0.000e+00
    340.988    14.0298    38.6752     1.8264     3.8974    169.148  0.000e+00
    341.039    14.0295    38.6752     1.8264     3.8973    169.141  0.000e+00
    341.126    14.0296    38.6753     1.8264     3.8971    169.135  0.000e+00
    341.148    14.0295    38.6757     1.8276     3.9010    169.305  0.000e+00
    341.126    14.0298    38.6756     1.8276     3.9013    169.314  0.000e+00
    341.206    14.0299    38.6755     1.8276     3.9016    169.327  0.000e+00
    341.258    14.0296    38.6756     1.8264     3.8978    169.166  0.000e+00
    341.338    14.0299    38.6757     1.8276     3.9018    169.339  0.000e+00
    341.309    14.0298    38.6750     1.8264     3.8981    169.178  0.000e+00
    341.418    14.0297    38.6757     1.8264     3.8982    169.180  0.000e+00
    341.447    14.0295    38.6755     1.8264     3.8982    169.182  0.000e+00
    341.528    14.0296    38.6750     1.8264     3.8983    169.186  0.000e+00
    341.557    14.0297    38.6754     1.8264     3.8984    169.189  0.000e+00
    341.630    14.0296    38.6755     1.8264     3.8981    169.179  0.000e+00
    341.630    14.0299    38.6758     1.8264     3.8982    169.183  0.000e+00
    341.718    14.0298    38.6751     1.8264     3.8981    169.175  0.000e+00
    341.798    14.0300    38.6756     1.8264     3.8982    169.183  0.000e+00
    341.849    14.0300    38.6757     1.8264     3.8985    169.193  0.000e+00
    341.878    14.0299    38.6755     1.8264     3.8983    169.188  0.000e+00
    341.958    14.0300    38.6754     1.8252     3.8942    169.007  0.000e+00
    342.039    14.0299    38.6757     1.8264     3.8982    169.181  0.000e+00
    342.061    14.0302    38.6752     1.8264     3.8985    169.194  0.000e+00
    342.119    14.0300    38.6751     1.8264     3.8989    169.211  0.000e+00
    342.148    14.0300    38.6751     1.8264     3.8993    169.228  0.000e+00
    342.280    14.0297    38.6756     1.8264     3.8998    169.249  0.000e+00
    342.280    14.0296    38.6755     1.8264     3.9002    169.268  0.000e+00
    342.418    14.0293    38.6757     1.8264     3.9004    169.275  0.000e+00
    342.389    14.0295    38.6755     1.8252     3.8964    169.103  0.000e+00
    342.470    14.0293    38.6746     1.8252     3.8962    169.095  0.000e+00
    342.550    14.0293    38.6752     1.8252     3.8960    169.087  0.000e+00
    342.601    14.0293    38.6751     1.8252     3.8959    169.080  0.000e+00
    342.681    14.0292    38.6753     1.8252     3.8958    169.075  0.000e+00
    342.652    14.0293    38.6752     1.8252     3.8956    169.069  0.000e+00
    342.791    14.0293    38.6749     1.8252     3.8956    169.068  0.000e+00
    342.813    14.0295    38.6754     1.8252     3.8955    169.065  0.000e+00
    342.871    14.0290    38.6757     1.8252     3.8955    169.066  0.000e+00
    342.900    14.0292    38.6753     1.8252     3.8956    169.067  0.000e+00
    342.922    14.0293    38.6756     1.8252     3.8956    169.067  0.000e+00
    343.010    14.0293    38.6753     1.8252     3.8957    169.072  0.000e+00
    343.083    14.0293    38.6755     1.8252     3.8958    169.078  0.000e+00
    343.141    14.0295    38.6753     1.8252     3.8960    169.084  0.000e+00
    343.112    14.0290    38.6756     1.8252     3.8957    169.075  0.000e+00
    343.192    14.0295    38.6755     1.8252     3.8959    169.082  0.000e+00
    343.222    14.0293    38.6759     1.8240     3.8917    168.899  0.000e+00
    343.302    14.0292    38.6755     1.8240     3.8912    168.879  0.000e+00
    343.192    14.0292    38.6755     1.8252     3.8947    169.031  0.000e+00
    343.492    14.0293    38.6753     1.8252     3.8951    169.049  0.000e+00
    343.353    14.0292    38.6759     1.8240     3.8910    168.867  0.000e+00
    343.433    14.0295    38.6756     1.8240     3.8906    168.849  0.000e+00
    343.404    14.0292    38.6763     1.8240     3.8902    168.832  0.000e+00
    343.543    14.0292    38.6760     1.8240     3.8899    168.820  0.000e+00
    343.572    14.0296    38.6755     1.8252     3.8936    168.981  0.000e+00
    343.572    14.0297    38.6760     1.8240     3.8900    168.824  0.000e+00
    343.594    14.0298    38.6762     1.8240     3.8901    168.829  0.000e+00
    343.623    14.0297    38.6770     1.8240     3.8903    168.837  0.000e+00
    343.594    14.0298    38.6765     1.8252     3.8941    169.005  0.000e+00
    343.674    14.0297    38.6765     1.8240     3.8907    168.858  0.000e+00
    343.674    14.0298    38.6765     1.8240     3.8906    168.852  0.000e+00
    343.703    14.0299    38.6762     1.8240     3.8906    168.850  0.000e+00
    343.784    14.0300    38.6764     1.8240     3.8905    168.849  0.000e+00
    343.703    14.0300    38.6764     1.8240     3.8905    168.846  0.000e+00
    343.835    14.0298    38.6765     1.8240     3.8906    168.850  0.000e+00
    343.762    14.0299    38.6764     1.8240     3.8906    168.851  0.000e+00
    343.784    14.0300    38.6763     1.8240     3.8907    168.854  0.000e+00
    343.835    14.0300    38.6767     1.8240     3.8908    168.860  0.000e+00
    343.864    14.0298    38.6766     1.8240     3.8910    168.867  0.000e+00
    343.893    14.0300    38.6760     1.8240     3.8911    168.875  0.000e+00
    343.922    14.0302    38.6767     1.8240     3.8913    168.883  0.000e+00
    343.944    14.0299    38.6764     1.8240     3.8912    168.879  0.000e+00
    343.973    14.0300    38.6769     1.8227     3.8874    168.713  0.000e+00
    343.995    14.0300    38.6765     1.8240     3.8914    168.886  0.000e+00
    344.054    14.0300    38.6767     1.8240     3.8918    168.902  0.000e+00
    344.024    14.0300    38.6768     1.8240     3.8921    168.916  0.000e+00
    344.105    14.0299    38.6768     1.8240     3.8925    168.936  0.000e+00
    344.134    14.0302    38.6768     1.8240     3.8930    168.953  0.000e+00
    344.214    14.0300    38.6764     1.8240     3.8935    168.976  0.000e+00
    344.185    14.0302    38.6765     1.8240     3.8935    168.979  0.000e+00
    344.265    14.0302    38.6768     1.8240     3.8937    168.985  0.000e+00
    344.324    14.0298    38.6768     1.8240     3.8939    168.993  0.000e+00
    344.346    14.0302    38.6769     1.8240     3.8940    168.998  0.000e+00
    344.375    14.0302    38.6766     1.8227     3.8901    168.830  0.000e+00
    344.404    14.0300    38.6768     1.8240     3.8940    168.998  0.000e+00
    344.484    14.0302    38.6767     1.8227     3.8902    168.833  0.000e+00
    344.514    14.0300    38.6769     1.8227     3.8901    168.828  0.000e+00
    344.536    14.0302    38.6765     1.8227     3.8900    168.823  0.000e+00
    344.536    14.0302    38.6763     1.8227     3.8899    168.820  0.000e+00
    344.725    14.0303    38.6770     1.8240     3.8939    168.997  0.000e+00
    344.696    14.0302    38.6768     1.8227     3.8902    168.836  0.000e+00
    344.777    14.0302    38.6767     1.8227     3.8903    168.838  0.000e+00
    344.755    14.0302    38.6772     1.8227     3.8903    168.838  0.000e+00
    344.886    14.0303    38.6766     1.8227     3.8904    168.844  0.000e+00
    344.857    14.0303    38.6772     1.8227     3.8905    168.846  0.000e+00
    344.937    14.0300    38.6769     1.8227     3.8903    168.838  0.000e+00
    345.018    14.0305    38.6766     1.8227     3.8901    168.828  0.000e+00
    344.915    14.0302    38.6773     1.8227     3.8902    168.833  0.000e+00
    345.266    14.0303    38.6770     1.8227     3.8905    168.848  0.000e+00
    345.178    14.0302    38.6775     1.8227     3.8903    168.839  0.000e+00
    345.207    14.0305    38.6766     1.8227     3.8902    168.832  0.000e+00
    345.288    14.0303    38.6767     1.8227     3.8901    168.828  0.000e+00
    345.317    14.0305    38.6768     1.8227     3.8899    168.823  0.000e+00
    345.397    14.0307    38.6760     1.8227     3.8903    168.837  0.000e+00
    345.426    14.0303    38.6770     1.8215     3.8862    168.659  0.000e+00
    345.558    14.0303    38.6766     1.8227     3.8899    168.819  0.000e+00
    345.529    14.0305    38.6770     1.8215     3.8858    168.641  0.000e+00
    345.667    14.0305    38.6768     1.8215     3.8858    168.644  0.000e+00
    345.689    14.0305    38.6768     1.8215     3.8855    168.631  0.000e+00
    345.777    14.0305    38.6769     1.8227     3.8893    168.795  0.000e+00
    345.777    14.0306    38.6764     1.8215     3.8854    168.624  0.000e+00
    345.908    14.0305    38.6770     1.8215     3.8852    168.616  0.000e+00
    345.879    14.0305    38.6767     1.8215     3.8849    168.606  0.000e+00
    346.018    14.0303    38.6767     1.8215     3.8848    168.601  0.000e+00
    346.098    14.0306    38.6772     1.8215     3.8847    168.595  0.000e+00
    346.069    14.0305    38.6767     1.8215     3.8846    168.590  0.000e+00
    346.200    14.0308    38.6769     1.8215     3.8845    168.587  0.000e+00
    346.178    14.0305    38.6769     1.8215     3.8845    168.585  0.000e+00
    346.310    14.0309    38.6765     1.8215     3.8845    168.586  0.000e+00
    346.281    14.0308    38.6776     1.8215     3.8844    168.584  0.000e+00
    346.419    14.0310    38.6767     1.8215     3.8845    168.588  0.000e+00
    346.449    14.0310    38.6774     1.8215     3.8842    168.574  0.000e+00
    346.471    14.0310    38.6767     1.8215     3.8843    168.579  0.000e+00
    346.551    14.0312    38.6768     1.8215     3.8845    168.585  0.000e+00
    346.580    14.0309    38.6771     1.8203     3.8806    168.416  0.000e+00
    346.660    14.0312    38.6763     1.8203     3.8804    168.410  0.000e+00
    346.690    14.0309    38.6777     1.8203     3.8803    168.404  0.000e+00
    346.712    14.0312    38.6772     1.8203     3.8802    168.400  0.000e+00
    346.792    14.0310    38.6774     1.8203     3.8802    168.400  0.000e+00
    346.821    14.0310    38.6772     1.8203     3.8802    168.401  0.000e+00
    346.850    14.0310    38.6772     1.8203     3.8803    168.403  0.000e+00
    346.931    14.0310    38.6775     1.8203     3.8804    168.409  0.000e+00
    346.960    14.0309    38.6772     1.8203     3.8802    168.399  0.000e+00
    346.982    14.0310    38.6776     1.8203     3.8803    168.406  0.000e+00
    347.062    14.0312    38.6775     1.8203     3.8802    168.400  0.000e+00
    347.091    14.0312    38.6774     1.8203     3.8801    168.395  0.000e+00
    347.120    14.0314    38.6776     1.8203     3.8800    168.389  0.000e+00
    347.142    14.0313    38.6772     1.8203     3.8799    168.387  0.000e+00
    347.172    14.0314    38.6778     1.8203     3.8802    168.402  0.000e+00
    347.252    14.0313    38.6778     1.8203     3.8803    168.404  0.000e+00
    347.223    14.0315    38.6771     1.8203     3.8803    168.405  0.000e+00
    347.252    14.0315    38.6775     1.8203     3.8804    168.408  0.000e+00
    347.281    14.0315    38.6775     1.8203     3.8805    168.412  0.000e+00
    347.303    14.0314    38.6779     1.8203     3.8806    168.418  0.000e+00
    347.332    14.0313    38.6775     1.8191     3.8768    168.251  0.000e+00
    347.361    14.0314    38.6775     1.8203     3.8806    168.419  0.000e+00
    347.332    14.0313    38.6771     1.8203     3.8809    168.429  0.000e+00
    347.303    14.0310    38.6773     1.8203     3.8811    168.441  0.000e+00
    347.383    14.0315    38.6771     1.8203     3.8815    168.454  0.000e+00
    347.361    14.0310    38.6772     1.8203     3.8818    168.470  0.000e+00
    347.383    14.0313    38.6778     1.8203     3.8821    168.484  0.000e+00
    347.412    14.0310    38.6777     1.8203     3.8826    168.503  0.000e+00
    347.383    14.0312    38.6773     1.8203     3.8830    168.520  0.000e+00
    347.412    14.0312    38.6772     1.8191     3.8790    168.348  0.000e+00
    347.383    14.0312    38.6772     1.8191     3.8791    168.352  0.000e+00
    347.412    14.0310    38.6781     1.8203     3.8829    168.518  0.000e+00
    347.441    14.0312    38.6773     1.8203     3.8831    168.526  0.000e+00
    347.463    14.0310    38.6780     1.8203     3.8833    168.533  0.000e+00
    347.493    14.0310    38.6782     1.8203     3.8839    168.559  0.000e+00
    347.463    14.0310    38.6776     1.8203     3.8841    168.568  0.000e+00
    347.551    14.0312    38.6776     1.8203     3.8843    168.580  0.000e+00
    347.573    14.0312    38.6771     1.8203     3.8846    168.592  0.000e+00
    347.551    14.0312    38.6781     1.8203     3.8848    168.602  0.000e+00
    347.522    14.0312    38.6773     1.8191     3.8811    168.438  0.000e+00
    347.763    14.0313    38.6772     1.8203     3.8852    168.616  0.000e+00
    347.682    14.0312    38.6776     1.8203     3.8855    168.629  0.000e+00
    347.763    14.0312    38.6773     1.8203     3.8859    168.646  0.000e+00
    347.734    14.0312    38.6781     1.8203     3.8862    168.660  0.000e+00
    347.872    14.0312    38.6777     1.8203     3.8866    168.679  0.000e+00
    347.843    14.0315    38.6774     1.8203     3.8870    168.695  0.000e+00
    347.923    14.0314    38.6780     1.8191     3.8834    168.538  0.000e+00
    347.953    14.0317    38.6775     1.8203     3.8875    168.717  0.000e+00
    348.033    14.0315    38.6781     1.8191     3.8839    168.562  0.000e+00
    348.055    14.0317    38.6775     1.8203     3.8877    168.727  0.000e+00
    348.142    14.0317    38.6782     1.8191     3.8838    168.556  0.000e+00
    348.164    14.0317    38.6781     1.8191     3.8835    168.545  0.000e+00
    348.245    14.0319    38.6779     1.8191     3.8833    168.535  0.000e+00
    348.274    14.0318    38.6780     1.8203     3.8872    168.702  0.000e+00
    348.354    14.0315    38.6783     1.8203     3.8874    168.710  0.000e+00
    348.376    14.0318    38.6782     1.8203     3.8875    168.716  0.000e+00
    348.464    14.0320    38.6774     1.8203     3.8877    168.724  0.000e+00
    348.544    14.0320    38.6782     1.8203     3.8878    168.731  0.000e+00
    348.573    14.0319    38.6783     1.8191     3.8839    168.562  0.000e+00
    348.646    14.0320    38.6778     1.8191     3.8838    168.554  0.000e+00
    348.676    14.0319    38.6783     1.8191     3.8836    168.546  0.000e+00
    348.756    14.0320    38.6776     1.8191     3.8834    168.540  0.000e+00
    348.865    14.0320    38.6779     1.8191     3.8833    168.534  0.000e+00
    348.895    14.0318    38.6780     1.8191     3.8832    168.529  0.000e+00
    348.917    14.0317    38.6782     1.8191     3.8831    168.524  0.000e+00
    348.997    14.0320    38.6781     1.8191     3.8829    168.519  0.000e+00
    349.136    14.0319    38.6778     1.8191     3.8829    168.518  0.000e+00
    349.106    14.0320    38.6782     1.8203     3.8868    168.688  0.000e+00
    349.187    14.0322    38.6776     1.8203     3.8872    168.702  0.000e+00
    349.216    14.0320    38.6785     1.8191     3.8830    168.522  0.000e+00
    349.347    14.0322    38.6781     1.8191     3.8830    168.520  0.000e+00
    349.377    14.0320    38.6780     1.8191     3.8829    168.518  0.000e+00
    349.457    14.0322    38.6780     1.8191     3.8829    168.516  0.000e+00
