Data/2022/Day2/ctds/2.cnv
* Sea-Bird SBE 9 Data File:
* FileName = C:\CTD\Mir-MER\ST2_D2.hex
* Software Version Seasave V 7.26.7.121
* Temperature SN = 0809
* Conductivity SN = 3159
* Number of Bytes Per Scan = 24
* Number of Voltage Words = 4
* Number of Scans Averaged by the Deck Unit = 1
** Ship: antedon
** Station: ST2 D2
** Operator:
# nquan = 7
# nvalues = 5245                                  
# units = specified
# name 0 = prDM: Pressure, Digiquartz [db]
# name 1 = t090C: Temperature [ITS-90, deg C]
# name 2 = sal00: Salinity, Practical [PSU]
# name 3 = sbeox0V: Oxygen raw, SBE 43 [V]
# name 4 = sbeox0ML/L: Oxygen, SBE 43 [ml/l]
# name 5 = sbox0Mm/Kg: Oxygen, SBE 43 [umol/kg]
# name 6 = flag:  0.000e+00
# span 0 =     -0.842,     51.329                 
# span 1 =    15.7150,    21.1262                 
# span 2 =    37.6945,    38.4564                 
# span 3 =     2.3224,     2.5104                 
# span 4 =     4.3750,     5.5622                 
# span 5 =    190.264,    241.576                 
# span 6 = 0.0000e+00, 0.0000e+00                 
# interval = seconds: 0.0416667
# start_time = Oct 12 2022 10:52:35 [System UTC, header]
# bad_flag = -9.990e-29
*END*
[from data line 4924]
      3.205    21.1173    38.2534     2.4970     4.9383    214.760  0.000e+00
      3.205    21.1177    38.2532     2.4970     4.9385    214.769  0.000e+00
      3.205    21.1179    38.2531     2.4970     4.9389    214.786  0.000e+00
      3.103    21.1181    38.2529     2.4970     4.9393    214.801  0.000e+00
      3.096    21.1179    38.2531     2.4970     4.9395    214.809  0.000e+00
      3.045    21.1181    38.2532     2.4970     4.9396    214.814  0.000e+00
      2.994    21.1181    38.2531     2.4970     4.9397    214.820  0.000e+00
      2.944    21.1181    38.2530     2.4982     4.9431    214.966  0.000e+00
      2.944    21.1183    38.2526     2.4970     4.9401    214.838  0.000e+00
      2.835    21.1179    38.2530     2.4982     4.9434    214.981  0.000e+00
      2.886    21.1182    38.2529     2.4970     4.9404    214.851  0.000e+00
      2.827    21.1183    38.2536     2.4970     4.9404    214.851  0.000e+00
      2.784    21.1184    38.2536     2.4970     4.9404    214.850  0.000e+00
      2.726    21.1186    38.2533     2.4970     4.9404    214.848  0.000e+00
      2.726    21.1187    38.2534     2.4982     4.9436    214.989  0.000e+00
      2.624    21.1190    38.2532     2.4970     4.9404    214.852  0.000e+00
      2.624    21.1193    38.2530     2.4982     4.9436    214.990  0.000e+00
      2.617    21.1191    38.2530     2.4970     4.9405    214.855  0.000e+00
      2.566    21.1188    38.2537     2.4982     4.9436    214.991  0.000e+00
      2.515    21.1190    38.2536     2.4970     4.9404    214.851  0.000e+00
      2.464    21.1193    38.2534     2.4982     4.9435    214.985  0.000e+00
      2.406    21.1191    38.2535     2.4970     4.9403    214.844  0.000e+00
      2.406    21.1195    38.2527     2.4970     4.9401    214.835  0.000e+00
      2.406    21.1193    38.2528     2.4970     4.9399    214.827  0.000e+00
      2.297    21.1190    38.2532     2.4970     4.9396    214.816  0.000e+00
      2.305    21.1189    38.2532     2.4970     4.9394    214.806  0.000e+00
      2.246    21.1190    38.2529     2.4970     4.9391    214.793  0.000e+00
      2.246    21.1188    38.2527     2.4970     4.9388    214.783  0.000e+00
      2.196    21.1183    38.2531     2.4982     4.9418    214.912  0.000e+00
      2.087    21.1182    38.2530     2.4970     4.9384    214.763  0.000e+00
      2.138    21.1181    38.2530     2.4970     4.9381    214.751  0.000e+00
      2.036    21.1181    38.2532     2.4970     4.9377    214.733  0.000e+00
      2.036    21.1182    38.2532     2.4958     4.9341    214.574  0.000e+00
      2.036    21.1183    38.2531     2.4958     4.9335    214.549  0.000e+00
      1.934    21.1183    38.2529     2.4958     4.9328    214.520  0.000e+00
      1.978    21.1184    38.2535     2.4970     4.9355    214.636  0.000e+00
      1.934    21.1184    38.2530     2.4958     4.9320    214.485  0.000e+00
      1.876    21.1183    38.2536     2.4946     4.9283    214.324  0.000e+00
      1.825    21.1186    38.2534     2.4958     4.9309    214.437  0.000e+00
      1.825    21.1190    38.2521     2.4958     4.9305    214.420  0.000e+00
      1.774    21.1181    38.2525     2.4958     4.9302    214.405  0.000e+00
      1.760    21.1177    38.2527     2.4958     4.9300    214.398  0.000e+00
      1.716    21.1175    38.2526     2.4946     4.9266    214.249  0.000e+00
      1.665    21.1172    38.2528     2.4946     4.9262    214.233  0.000e+00
      1.615    21.1170    38.2530     2.4946     4.9258    214.217  0.000e+00
      1.615    21.1175    38.2527     2.4946     4.9255    214.201  0.000e+00
      1.557    21.1170    38.2531     2.4958     4.9282    214.320  0.000e+00
      1.549    21.1168    38.2529     2.4946     4.9247    214.166  0.000e+00
      1.506    21.1166    38.2528     2.4946     4.9244    214.153  0.000e+00
      1.455    21.1167    38.2529     2.4946     4.9240    214.139  0.000e+00
      1.455    21.1165    38.2529     2.4946     4.9238    214.128  0.000e+00
      1.346    21.1165    38.2528     2.4946     4.9235    214.115  0.000e+00
      1.389    21.1163    38.2533     2.4946     4.9233    214.106  0.000e+00
      1.346    21.1163    38.2528     2.4958     4.9263    214.238  0.000e+00
      1.295    21.1163    38.2529     2.4958     4.9263    214.237  0.000e+00
      1.237    21.1161    38.2532     2.4958     4.9263    214.237  0.000e+00
      1.295    21.1161    38.2534     2.4946     4.9233    214.107  0.000e+00
      1.179    21.1165    38.2538     2.4946     4.9230    214.095  0.000e+00
      1.186    21.1167    38.2538     2.4946     4.9231    214.098  0.000e+00
      1.135    21.1170    38.2535     2.4958     4.9262    214.233  0.000e+00
      1.077    21.1172    38.2529     2.4958     4.9263    214.236  0.000e+00
      1.135    21.1172    38.2532     2.4958     4.9264    214.242  0.000e+00
      0.910    21.1173    38.2531     2.4958     4.9264    214.241  0.000e+00
      1.237    21.1177    38.2527     2.4958     4.9269    214.264  0.000e+00
      1.026    21.1175    38.2533     2.4958     4.9269    214.264  0.000e+00
      0.975    21.1179    38.2529     2.4958     4.9273    214.279  0.000e+00
      1.026    21.1179    38.2528     2.4958     4.9275    214.288  0.000e+00
      0.975    21.1177    38.2530     2.4958     4.9278    214.304  0.000e+00
      0.968    21.1175    38.2531     2.4958     4.9281    214.313  0.000e+00
      0.917    21.1177    38.2530     2.4958     4.9284    214.330  0.000e+00
      0.917    21.1179    38.2531     2.4958     4.9286    214.339  0.000e+00
      0.975    21.1181    38.2533     2.4958     4.9289    214.350  0.000e+00
      0.866    21.1183    38.2533     2.4958     4.9291    214.357  0.000e+00
      0.910    21.1186    38.2527     2.4958     4.9293    214.369  0.000e+00
      0.866    21.1186    38.2528     2.4958     4.9296    214.379  0.000e+00
      0.866    21.1184    38.2533     2.4958     4.9298    214.390  0.000e+00
      0.866    21.1186    38.2531     2.4958     4.9301    214.402  0.000e+00
      0.866    21.1186    38.2531     2.4970     4.9339    214.566  0.000e+00
      0.859    21.1184    38.2532     2.4970     4.9344    214.589  0.000e+00
      0.815    21.1184    38.2531     2.4958     4.9316    214.468  0.000e+00
      0.815    21.1179    38.2528     2.4958     4.9320    214.483  0.000e+00
      0.815    21.1175    38.2528     2.4970     4.9354    214.631  0.000e+00
      0.757    21.1168    38.2535     2.4970     4.9357    214.644  0.000e+00
      0.808    21.1170    38.2533     2.4970     4.9360    214.658  0.000e+00
      0.757    21.1175    38.2531     2.4970     4.9364    214.676  0.000e+00
      0.757    21.1173    38.2536     2.4970     4.9367    214.688  0.000e+00
      0.757    21.1181    38.2533     2.4970     4.9367    214.688  0.000e+00
      0.706    21.1184    38.2531     2.4970     4.9369    214.697  0.000e+00
      0.750    21.1184    38.2532     2.4970     4.9371    214.708  0.000e+00
      0.655    21.1184    38.2532     2.4994     4.9438    215.000  0.000e+00
      0.706    21.1182    38.2533     2.4970     4.9380    214.746  0.000e+00
      0.655    21.1186    38.2535     2.4982     4.9412    214.883  0.000e+00
      0.604    21.1190    38.2537     2.4994     4.9445    215.030  0.000e+00
      0.590    21.1191    38.2537     2.4982     4.9416    214.902  0.000e+00
      0.604    21.1193    38.2529     2.4970     4.9384    214.765  0.000e+00
      0.604    21.1190    38.2529     2.4994     4.9451    215.054  0.000e+00
      0.546    21.1188    38.2531     2.4994     4.9453    215.065  0.000e+00
      0.546    21.1186    38.2534     2.5007     4.9488    215.218  0.000e+00
      0.430    21.1191    38.2530     2.4994     4.9459    215.089  0.000e+00
      0.445    21.1191    38.2535     2.4994     4.9460    215.095  0.000e+00
      0.444    21.1193    38.2536     2.4994     4.9461    215.100  0.000e+00
      0.336    21.1194    38.2534     2.4994     4.9461    215.100  0.000e+00
      0.379    21.1196    38.2533     2.4994     4.9464    215.112  0.000e+00
      0.335    21.1198    38.2533     2.4994     4.9466    215.121  0.000e+00
      0.285    21.1198    38.2537     2.4994     4.9468    215.129  0.000e+00
      0.227    21.1203    38.2537     2.4994     4.9467    215.124  0.000e+00
      0.176    21.1202    38.2539     2.5019     4.9531    215.404  0.000e+00
      0.168    21.1205    38.2536     2.5019     4.9534    215.416  0.000e+00
      0.125    21.1205    38.2536     2.4994     4.9473    215.152  0.000e+00
      0.125    21.1207    38.2533     2.5007     4.9506    215.295  0.000e+00
      0.067    21.1205    38.2535     2.5019     4.9541    215.444  0.000e+00
      0.016    21.1205    38.2537     2.5007     4.9511    215.317  0.000e+00
      0.009    21.1205    38.2535     2.4994     4.9480    215.180  0.000e+00
     -0.035    21.1202    38.2536     2.5019     4.9544    215.459  0.000e+00
     -0.035    21.1202    38.2534     2.5019     4.9547    215.471  0.000e+00
     -0.035    21.1200    38.2532     2.5007     4.9516    215.339  0.000e+00
     -0.151    21.1200    38.2532     2.5019     4.9548    215.477  0.000e+00
     -0.093    21.1198    38.2535     2.5007     4.9517    215.343  0.000e+00
     -0.093    21.1200    38.2535     2.5007     4.9516    215.338  0.000e+00
     -0.093    21.1196    38.2533     2.5019     4.9548    215.475  0.000e+00
     -0.144    21.1198    38.2532     2.5007     4.9515    215.333  0.000e+00
     -0.151    21.1193    38.2535     2.5007     4.9513    215.325  0.000e+00
     -0.253    21.1190    38.2529     2.5019     4.9543    215.455  0.000e+00
     -0.144    21.1191    38.2533     2.5007     4.9510    215.311  0.000e+00
     -0.195    21.1193    38.2540     2.5019     4.9539    215.435  0.000e+00
     -0.209    21.1198    38.2545     2.5019     4.9536    215.425  0.000e+00
     -0.093    21.1205    38.2540     2.4994     4.9471    215.142  0.000e+00
     -0.195    21.1207    38.2540     2.4994     4.9466    215.121  0.000e+00
     -0.195    21.1209    38.2538     2.5007     4.9492    215.233  0.000e+00
     -0.253    21.1209    38.2536     2.5019     4.9520    215.353  0.000e+00
     -0.210    21.1207    38.2534     2.5007     4.9486    215.208  0.000e+00
     -0.304    21.1202    38.2527     2.5019     4.9516    215.336  0.000e+00
     -0.253    21.1195    38.2529     2.5007     4.9482    215.191  0.000e+00
     -0.304    21.1193    38.2539     2.5007     4.9478    215.171  0.000e+00
     -0.311    21.1198    38.2539     2.5019     4.9506    215.292  0.000e+00
     -0.253    21.1196    38.2542     2.4994     4.9438    214.999  0.000e+00
     -0.304    21.1200    38.2542     2.4994     4.9431    214.966  0.000e+00
     -0.253    21.1200    38.2543     2.4994     4.9424    214.937  0.000e+00
     -0.253    21.1202    38.2541     2.5019     4.9486    215.208  0.000e+00
     -0.311    21.1200    38.2540     2.5019     4.9483    215.193  0.000e+00
     -0.253    21.1202    38.2540     2.4994     4.9416    214.904  0.000e+00
     -0.304    21.1200    38.2543     2.5019     4.9478    215.171  0.000e+00
     -0.253    21.1203    38.2537     2.5007     4.9444    215.023  0.000e+00
     -0.261    21.1205    38.2540     2.5007     4.9437    214.995  0.000e+00
     -0.304    21.1203    38.2543     2.5019     4.9468    215.127  0.000e+00
     -0.304    21.1205    38.2539     2.5007     4.9435    214.985  0.000e+00
     -0.304    21.1203    38.2538     2.5019     4.9468    215.128  0.000e+00
     -0.304    21.1202    38.2535     2.5019     4.9468    215.127  0.000e+00
     -0.370    21.1198    38.2538     2.4994     4.9402    214.841  0.000e+00
     -0.355    21.1193    38.2537     2.5019     4.9463    215.107  0.000e+00
     -0.304    21.1190    38.2535     2.5007     4.9431    214.966  0.000e+00
     -0.413    21.1188    38.2534     2.4994     4.9395    214.810  0.000e+00
     -0.370    21.1186    38.2536     2.4994     4.9390    214.790  0.000e+00
     -0.304    21.1184    38.2536     2.4994     4.9386    214.771  0.000e+00
     -0.355    21.1183    38.2537     2.4994     4.9381    214.749  0.000e+00
     -0.355    21.1183    38.2539     2.4994     4.9380    214.746  0.000e+00
     -0.355    21.1186    38.2540     2.4994     4.9379    214.743  0.000e+00
     -0.420    21.1187    38.2535     2.5007     4.9407    214.864  0.000e+00
     -0.413    21.1183    38.2537     2.5031     4.9473    215.148  0.000e+00
     -0.413    21.1181    38.2534     2.5007     4.9413    214.891  0.000e+00
     -0.413    21.1177    38.2537     2.4994     4.9381    214.748  0.000e+00
     -0.471    21.1181    38.2313     2.4994     4.9382    214.757  0.000e+00
     -0.464    21.1181    38.1962     2.4994     4.9392    214.806  0.000e+00
     -0.464    21.1177    38.2217     2.4994     4.9385    214.771  0.000e+00
     -0.515    21.1177    37.8883     2.4994     4.9479    215.234  0.000e+00
     -0.515    21.1181    37.6945     2.4994     4.9535    215.510  0.000e+00
     -0.530    21.1181    38.0472     2.4994     4.9431    214.999  0.000e+00
     -0.573    21.1183    38.2300     2.4994     4.9375    214.730  0.000e+00
     -0.624    21.1184    38.2521     2.4994     4.9369    214.699  0.000e+00
     -0.573    21.1181    38.2536     2.5007     4.9400    214.835  0.000e+00
     -0.631    21.1175    38.2538     2.5019     4.9434    214.980  0.000e+00
     -0.675    21.1175    38.2537     2.5007     4.9406    214.858  0.000e+00
     -0.675    21.1175    38.2538     2.4994     4.9374    214.718  0.000e+00
     -0.675    21.1172    38.2533     2.4994     4.9375    214.724  0.000e+00
     -0.740    21.1173    38.2530     2.4994     4.9375    214.726  0.000e+00
     -0.726    21.1173    38.2537     2.4994     4.9372    214.711  0.000e+00
     -0.726    21.1175    38.2538     2.4994     4.9369    214.697  0.000e+00
     -0.726    21.1173    38.2537     2.4994     4.9368    214.693  0.000e+00
     -0.842    21.1175    38.2540     2.4994     4.9368    214.694  0.000e+00
     -0.675    21.1175    38.2535     2.4994     4.9368    214.695  0.000e+00
     -0.784    21.1175    38.2534     2.4970     4.9304    214.415  0.000e+00
     -0.726    21.1172    38.2532     2.4970     4.9300    214.399  0.000e+00
     -0.784    21.1175    38.2524     2.4982     4.9328    214.520  0.000e+00
     -0.740    21.1173    38.2525     2.5007     4.9394    214.807  0.000e+00
     -0.784    21.1172    38.2524     2.5007     4.9394    214.807  0.000e+00
     -0.726    21.1172    38.2520     2.5019     4.9427    214.951  0.000e+00
     -0.784    21.1173    38.2521     2.5019     4.9428    214.957  0.000e+00
     -0.741    21.1170    38.2522     2.4994     4.9370    214.702  0.000e+00
     -0.784    21.1163    38.2525     2.5019     4.9438    214.996  0.000e+00
     -0.784    21.1163    38.2518     2.4982     4.9342    214.579  0.000e+00
     -0.784    21.1160    38.2509     2.4982     4.9342    214.583  0.000e+00
     -0.791    21.1161    38.2466     2.4982     4.9342    214.580  0.000e+00
     -0.835    21.1165    38.2471     2.4970     4.9307    214.428  0.000e+00
     -0.784    21.1165    38.2457     2.4982     4.9339    214.567  0.000e+00
     -0.784    21.1167    38.2411     2.4970     4.9306    214.426  0.000e+00
     -0.784    21.1168    38.2415     2.4970     4.9305    214.421  0.000e+00
     -0.842    21.1167    38.2447     2.4970     4.9303    214.414  0.000e+00
     -0.784    21.1163    38.2504     2.4970     4.9298    214.389  0.000e+00
     -0.784    21.1156    38.2526     2.4970     4.9298    214.390  0.000e+00
     -0.835    21.1153    38.2475     2.4970     4.9298    214.389  0.000e+00
     -0.792    21.1151    38.2472     2.4958     4.9262    214.234  0.000e+00
     -0.835    21.1149    38.2432     2.4958     4.9258    214.215  0.000e+00
     -0.835    21.1151    38.2413     2.4946     4.9220    214.052  0.000e+00
     -0.784    21.1156    38.2472     2.4946     4.9211    214.013  0.000e+00
