Data/2022/Day2/ctds/2.cnv
* Sea-Bird SBE 9 Data File:
* FileName = C:\CTD\Mir-MER\ST2_D2.hex
* Software Version Seasave V 7.26.7.121
* Temperature SN = 0809
* Conductivity SN = 3159
* Number of Bytes Per Scan = 24
* Number of Voltage Words = 4
* Number of Scans Averaged by the Deck Unit = 1
** Ship: antedon
** Station: ST2 D2
** Operator:
# nquan = 7
# nvalues = 5245                                  
# units = specified
# name 0 = prDM: Pressure, Digiquartz [db]
# name 1 = t090C: Temperature [ITS-90, deg C]
# name 2 = sal00: Salinity, Practical [PSU]
# name 3 = sbeox0V: Oxygen raw, SBE 43 [V]
# name 4 = sbeox0ML/L: Oxygen, SBE 43 [ml/l]
# name 5 = sbox0Mm/Kg: Oxygen, SBE 43 [umol/kg]
# name 6 = flag:  0.000e+00
# span 0 =     -0.842,     51.329                 
# span 1 =    15.7150,    21.1262                 
# span 2 =    37.6945,    38.4564                 
# span 3 =     2.3224,     2.5104                 
# span 4 =     4.3750,     5.5622                 
# span 5 =    190.264,    241.576                 
# span 6 = 0.0000e+00, 0.0000e+00                 
# interval = seconds: 0.0416667
# start_time = Oct 12 2022 10:52:35 [System UTC, header]
# bad_flag = -9.990e-29
*END*
[from data line 1026]
     20.262    21.0422    38.2484     2.4908     4.9394    214.803  0.000e+00
     20.364    21.0419    38.2481     2.4908     4.9398    214.820  0.000e+00
     20.371    21.0417    38.2484     2.4908     4.9401    214.833  0.000e+00
     20.371    21.0415    38.2486     2.4908     4.9404    214.845  0.000e+00
     20.371    21.0413    38.2485     2.4908     4.9407    214.858  0.000e+00
     20.473    21.0413    38.2483     2.4908     4.9410    214.872  0.000e+00
     20.480    21.0413    38.2486     2.4908     4.9412    214.882  0.000e+00
     20.531    21.0410    38.2485     2.4908     4.9415    214.896  0.000e+00
     20.582    21.0410    38.2485     2.4908     4.9416    214.897  0.000e+00
     20.574    21.0408    38.2482     2.4908     4.9416    214.898  0.000e+00
     20.640    21.0404    38.2483     2.4908     4.9416    214.900  0.000e+00
     20.640    21.0399    38.2482     2.4908     4.9416    214.900  0.000e+00
     20.690    21.0397    38.2480     2.4908     4.9416    214.900  0.000e+00
     20.683    21.0392    38.2484     2.4908     4.9416    214.897  0.000e+00
     20.741    21.0387    38.2480     2.4908     4.9416    214.897  0.000e+00
     20.799    21.0380    38.2484     2.4908     4.9416    214.896  0.000e+00
     20.741    21.0378    38.2479     2.4921     4.9447    215.033  0.000e+00
     20.843    21.0373    38.2482     2.4921     4.9448    215.039  0.000e+00
     20.850    21.0371    38.2484     2.4908     4.9416    214.899  0.000e+00
     20.850    21.0371    38.2479     2.4908     4.9414    214.891  0.000e+00
     20.901    21.0366    38.2486     2.4908     4.9415    214.893  0.000e+00
     20.952    21.0366    38.2486     2.4908     4.9415    214.894  0.000e+00
     20.901    21.0361    38.2473     2.4908     4.9415    214.896  0.000e+00
     20.959    21.0353    38.2466     2.4908     4.9414    214.890  0.000e+00
     20.959    21.0347    38.2469     2.4908     4.9412    214.881  0.000e+00
     21.002    21.0338    38.2476     2.4908     4.9412    214.882  0.000e+00
     21.060    21.0332    38.2482     2.4908     4.9412    214.882  0.000e+00
     21.009    21.0332    38.2479     2.4908     4.9411    214.877  0.000e+00
     21.060    21.0329    38.2480     2.4908     4.9411    214.876  0.000e+00
     21.053    21.0327    38.2483     2.4908     4.9410    214.872  0.000e+00
     21.118    21.0327    38.2487     2.4908     4.9411    214.878  0.000e+00
     21.060    21.0332    38.2485     2.4921     4.9442    215.013  0.000e+00
     21.169    21.0334    38.2481     2.4908     4.9411    214.877  0.000e+00
     21.111    21.0331    38.2480     2.4908     4.9410    214.871  0.000e+00
     21.118    21.0329    38.2481     2.4921     4.9441    215.008  0.000e+00
     21.169    21.0329    38.2481     2.4908     4.9409    214.869  0.000e+00
     21.169    21.0329    38.2486     2.4908     4.9408    214.861  0.000e+00
     21.162    21.0331    38.2484     2.4908     4.9406    214.853  0.000e+00
     21.220    21.0331    38.2484     2.4908     4.9404    214.846  0.000e+00
     21.220    21.0327    38.2481     2.4908     4.9403    214.840  0.000e+00
     21.220    21.0320    38.2482     2.4908     4.9401    214.834  0.000e+00
     21.212    21.0315    38.2484     2.4921     4.9432    214.969  0.000e+00
     21.220    21.0313    38.2481     2.4921     4.9432    214.969  0.000e+00
     21.271    21.0310    38.2478     2.4908     4.9400    214.828  0.000e+00
     21.270    21.0304    38.2476     2.4908     4.9400    214.829  0.000e+00
     21.270    21.0299    38.2481     2.4908     4.9398    214.819  0.000e+00
     21.329    21.0296    38.2474     2.4908     4.9398    214.821  0.000e+00
     21.328    21.0291    38.2477     2.4908     4.9398    214.821  0.000e+00
     21.328    21.0285    38.2481     2.4908     4.9396    214.811  0.000e+00
     21.321    21.0283    38.2476     2.4908     4.9396    214.810  0.000e+00
     21.379    21.0280    38.2477     2.4908     4.9396    214.810  0.000e+00
     21.379    21.0276    38.2475     2.4908     4.9396    214.810  0.000e+00
     21.372    21.0275    38.2477     2.4908     4.9395    214.807  0.000e+00
     21.430    21.0271    38.2479     2.4908     4.9395    214.808  0.000e+00
     21.379    21.0269    38.2477     2.4908     4.9395    214.805  0.000e+00
     21.488    21.0268    38.2477     2.4908     4.9395    214.806  0.000e+00
     21.430    21.0266    38.2481     2.4908     4.9394    214.803  0.000e+00
     21.488    21.0268    38.2483     2.4908     4.9394    214.801  0.000e+00
     21.488    21.0268    38.2478     2.4908     4.9393    214.799  0.000e+00
     21.539    21.0270    38.2477     2.4908     4.9393    214.798  0.000e+00
     21.532    21.0268    38.2473     2.4908     4.9393    214.797  0.000e+00
     21.539    21.0266    38.2476     2.4908     4.9392    214.795  0.000e+00
     21.539    21.0266    38.2483     2.4908     4.9392    214.791  0.000e+00
     21.590    21.0267    38.2482     2.4908     4.9391    214.790  0.000e+00
     21.590    21.0270    38.2471     2.4896     4.9358    214.646  0.000e+00
     21.590    21.0266    38.2473     2.4908     4.9391    214.788  0.000e+00
     21.648    21.0262    38.2472     2.4908     4.9393    214.799  0.000e+00
     21.648    21.0255    38.2476     2.4908     4.9394    214.800  0.000e+00
     21.691    21.0250    38.2473     2.4908     4.9394    214.803  0.000e+00
     21.698    21.0248    38.2469     2.4908     4.9394    214.803  0.000e+00
     21.749    21.0243    38.2472     2.4908     4.9395    214.805  0.000e+00
     21.691    21.0240    38.2474     2.4908     4.9394    214.803  0.000e+00
     21.807    21.0235    38.2474     2.4908     4.9395    214.807  0.000e+00
     21.749    21.0233    38.2470     2.4908     4.9395    214.806  0.000e+00
     21.807    21.0227    38.2470     2.4908     4.9395    214.808  0.000e+00
     21.749    21.0224    38.2474     2.4908     4.9395    214.806  0.000e+00
     21.858    21.0222    38.2471     2.4908     4.9396    214.809  0.000e+00
     21.807    21.0221    38.2471     2.4908     4.9395    214.807  0.000e+00
     21.858    21.0217    38.2474     2.4908     4.9396    214.809  0.000e+00
     21.901    21.0218    38.2471     2.4908     4.9396    214.809  0.000e+00
     21.858    21.0217    38.2478     2.4921     4.9430    214.958  0.000e+00
     21.909    21.0215    38.2475     2.4908     4.9400    214.826  0.000e+00
     21.807    21.0213    38.2474     2.4908     4.9399    214.823  0.000e+00
     22.061    21.0215    38.2471     2.4921     4.9435    214.980  0.000e+00
     21.967    21.0213    38.2471     2.4908     4.9404    214.844  0.000e+00
     21.967    21.0210    38.2472     2.4908     4.9404    214.844  0.000e+00
     22.010    21.0210    38.2470     2.4908     4.9404    214.844  0.000e+00
     21.967    21.0209    38.2472     2.4908     4.9403    214.842  0.000e+00
     22.017    21.0206    38.2470     2.4908     4.9404    214.844  0.000e+00
     22.068    21.0205    38.2467     2.4908     4.9404    214.845  0.000e+00
     22.010    21.0206    38.2470     2.4908     4.9405    214.851  0.000e+00
     22.068    21.0206    38.2474     2.4908     4.9408    214.861  0.000e+00
     22.126    21.0206    38.2473     2.4908     4.9408    214.862  0.000e+00
     22.061    21.0210    38.2471     2.4908     4.9407    214.859  0.000e+00
     22.126    21.0207    38.2472     2.4908     4.9408    214.861  0.000e+00
     22.126    21.0208    38.2470     2.4908     4.9407    214.860  0.000e+00
     22.177    21.0208    38.2472     2.4908     4.9408    214.861  0.000e+00
     22.119    21.0210    38.2474     2.4896     4.9374    214.716  0.000e+00
     22.228    21.0211    38.2474     2.4896     4.9373    214.709  0.000e+00
     22.177    21.0210    38.2475     2.4896     4.9370    214.699  0.000e+00
     22.228    21.0210    38.2475     2.4896     4.9369    214.692  0.000e+00
     22.278    21.0211    38.2479     2.4896     4.9367    214.684  0.000e+00
     22.228    21.0211    38.2476     2.4896     4.9365    214.675  0.000e+00
     22.286    21.0211    38.2476     2.4896     4.9364    214.669  0.000e+00
     22.278    21.0215    38.2477     2.4884     4.9329    214.518  0.000e+00
     22.336    21.0215    38.2480     2.4896     4.9358    214.646  0.000e+00
     22.336    21.0215    38.2478     2.4896     4.9357    214.641  0.000e+00
     22.387    21.0217    38.2481     2.4896     4.9356    214.636  0.000e+00
     22.380    21.0217    38.2483     2.4896     4.9355    214.630  0.000e+00
     22.387    21.0216    38.2484     2.4896     4.9354    214.626  0.000e+00
     22.445    21.0217    38.2480     2.4896     4.9353    214.624  0.000e+00
     22.438    21.0217    38.2481     2.4896     4.9352    214.619  0.000e+00
     22.445    21.0219    38.2479     2.4896     4.9351    214.616  0.000e+00
     22.496    21.0217    38.2479     2.4896     4.9349    214.605  0.000e+00
     22.496    21.0219    38.2483     2.4896     4.9348    214.601  0.000e+00
     22.540    21.0217    38.2483     2.4896     4.9348    214.600  0.000e+00
     22.547    21.0218    38.2484     2.4896     4.9347    214.597  0.000e+00
     22.605    21.0221    38.2480     2.4896     4.9347    214.596  0.000e+00
     22.598    21.0219    38.2486     2.4896     4.9346    214.595  0.000e+00
     22.605    21.0221    38.2486     2.4896     4.9346    214.593  0.000e+00
     22.656    21.0221    38.2488     2.4896     4.9346    214.593  0.000e+00
     22.656    21.0221    38.2484     2.4896     4.9346    214.593  0.000e+00
     22.699    21.0219    38.2492     2.4896     4.9346    214.594  0.000e+00
     22.706    21.0221    38.2485     2.4896     4.9346    214.595  0.000e+00
     22.764    21.0219    38.2486     2.4896     4.9347    214.597  0.000e+00
     22.757    21.0221    38.2488     2.4908     4.9380    214.740  0.000e+00
     22.815    21.0217    38.2492     2.4908     4.9383    214.753  0.000e+00
     22.866    21.0219    38.2490     2.4908     4.9385    214.764  0.000e+00
     22.815    21.0217    38.2492     2.4896     4.9355    214.631  0.000e+00
     22.917    21.0217    38.2489     2.4896     4.9358    214.645  0.000e+00
     22.866    21.0219    38.2489     2.4896     4.9358    214.646  0.000e+00
     22.924    21.0214    38.2489     2.4908     4.9392    214.794  0.000e+00
     22.967    21.0215    38.2486     2.4908     4.9398    214.817  0.000e+00
     22.975    21.0213    38.2488     2.4896     4.9368    214.687  0.000e+00
     23.026    21.0213    38.2489     2.4908     4.9402    214.835  0.000e+00
     23.076    21.0211    38.2490     2.4908     4.9405    214.849  0.000e+00
     23.025    21.0211    38.2487     2.4908     4.9408    214.861  0.000e+00
     23.134    21.0213    38.2483     2.4908     4.9411    214.877  0.000e+00
     23.084    21.0213    38.2487     2.4908     4.9414    214.888  0.000e+00
     23.178    21.0211    38.2489     2.4908     4.9417    214.903  0.000e+00
     23.185    21.0211    38.2491     2.4908     4.9420    214.916  0.000e+00
     23.185    21.0213    38.2485     2.4908     4.9423    214.928  0.000e+00
     23.229    21.0213    38.2488     2.4908     4.9426    214.942  0.000e+00
     23.243    21.0215    38.2489     2.4908     4.9429    214.954  0.000e+00
     23.294    21.0217    38.2486     2.4908     4.9432    214.968  0.000e+00
     23.287    21.0217    38.2489     2.4908     4.9435    214.980  0.000e+00
     23.294    21.0214    38.2495     2.4908     4.9436    214.983  0.000e+00
     23.345    21.0221    38.2488     2.4908     4.9436    214.986  0.000e+00
     23.403    21.0219    38.2488     2.4908     4.9437    214.991  0.000e+00
     23.337    21.0215    38.2494     2.4908     4.9438    214.991  0.000e+00
     23.403    21.0217    38.2488     2.4908     4.9438    214.995  0.000e+00
     23.453    21.0215    38.2493     2.4908     4.9439    214.997  0.000e+00
     23.446    21.0217    38.2486     2.4908     4.9439    214.998  0.000e+00
     23.453    21.0216    38.2491     2.4896     4.9404    214.846  0.000e+00
     23.453    21.0217    38.2488     2.4896     4.9402    214.837  0.000e+00
     23.497    21.0215    38.2490     2.4896     4.9400    214.829  0.000e+00
     23.504    21.0215    38.2491     2.4896     4.9398    214.820  0.000e+00
     23.504    21.0215    38.2491     2.4896     4.9396    214.811  0.000e+00
     23.344    21.0217    38.2487     2.4896     4.9393    214.797  0.000e+00
     23.707    21.0215    38.2492     2.4896     4.9393    214.797  0.000e+00
     23.504    21.0217    38.2487     2.4896     4.9390    214.783  0.000e+00
     23.555    21.0218    38.2487     2.4896     4.9388    214.775  0.000e+00
     23.548    21.0217    38.2489     2.4896     4.9386    214.765  0.000e+00
     23.555    21.0219    38.2488     2.4896     4.9383    214.756  0.000e+00
     23.555    21.0219    38.2488     2.4896     4.9381    214.746  0.000e+00
     23.548    21.0215    38.2488     2.4896     4.9379    214.738  0.000e+00
     23.613    21.0219    38.2484     2.4908     4.9410    214.873  0.000e+00
     23.555    21.0215    38.2490     2.4896     4.9377    214.729  0.000e+00
     23.606    21.0218    38.2488     2.4896     4.9375    214.720  0.000e+00
     23.555    21.0217    38.2487     2.4896     4.9373    214.709  0.000e+00
     23.613    21.0217    38.2488     2.4896     4.9371    214.701  0.000e+00
     23.605    21.0219    38.2490     2.4896     4.9368    214.690  0.000e+00
     23.613    21.0215    38.2487     2.4908     4.9399    214.825  0.000e+00
     23.613    21.0213    38.2488     2.4908     4.9399    214.825  0.000e+00
     23.664    21.0213    38.2486     2.4908     4.9402    214.835  0.000e+00
     23.656    21.0211    38.2485     2.4908     4.9404    214.845  0.000e+00
     23.663    21.0211    38.2480     2.4908     4.9406    214.854  0.000e+00
     23.663    21.0210    38.2483     2.4908     4.9406    214.853  0.000e+00
     23.656    21.0208    38.2486     2.4908     4.9405    214.851  0.000e+00
     23.714    21.0208    38.2488     2.4908     4.9405    214.850  0.000e+00
     23.714    21.0206    38.2489     2.4908     4.9407    214.858  0.000e+00
     23.765    21.0205    38.2489     2.4908     4.9409    214.868  0.000e+00
     23.714    21.0203    38.2491     2.4908     4.9409    214.865  0.000e+00
     23.823    21.0202    38.2493     2.4908     4.9411    214.874  0.000e+00
     23.816    21.0201    38.2493     2.4908     4.9412    214.881  0.000e+00
     23.823    21.0201    38.2487     2.4896     4.9381    214.747  0.000e+00
     23.874    21.0201    38.2486     2.4896     4.9381    214.746  0.000e+00
     23.866    21.0198    38.2491     2.4908     4.9414    214.888  0.000e+00
     23.932    21.0201    38.2490     2.4908     4.9416    214.896  0.000e+00
     23.932    21.0199    38.2491     2.4908     4.9418    214.904  0.000e+00
     23.983    21.0200    38.2489     2.4908     4.9420    214.913  0.000e+00
     23.975    21.0199    38.2487     2.4908     4.9422    214.922  0.000e+00
     24.033    21.0196    38.2486     2.4908     4.9424    214.932  0.000e+00
     24.091    21.0187    38.2487     2.4921     4.9460    215.088  0.000e+00
     24.135    21.0182    38.2485     2.4921     4.9464    215.108  0.000e+00
     24.091    21.0177    38.2485     2.4908     4.9436    214.982  0.000e+00
     24.193    21.0175    38.2485     2.4908     4.9438    214.992  0.000e+00
     24.244    21.0170    38.2489     2.4921     4.9473    215.145  0.000e+00
     24.193    21.0171    38.2486     2.4921     4.9476    215.159  0.000e+00
     24.302    21.0173    38.2490     2.4908     4.9447    215.033  0.000e+00
     24.345    21.0178    38.2491     2.4921     4.9481    215.181  0.000e+00
     24.302    21.0177    38.2492     2.4908     4.9452    215.053  0.000e+00
     24.411    21.0175    38.2486     2.4921     4.9485    215.196  0.000e+00
     24.403    21.0168    38.2490     2.4908     4.9453    215.060  0.000e+00
