Data/2022/Day2/ctds/2.cnv
* Sea-Bird SBE 9 Data File:
* FileName = C:\CTD\Mir-MER\ST2_D2.hex
* Software Version Seasave V 7.26.7.121
* Temperature SN = 0809
* Conductivity SN = 3159
* Number of Bytes Per Scan = 24
* Number of Voltage Words = 4
* Number of Scans Averaged by the Deck Unit = 1
** Ship: antedon
** Station: ST2 D2
** Operator:
# nquan = 7
# nvalues = 5245                                  
# units = specified
# name 0 = prDM: Pressure, Digiquartz [db]
# name 1 = t090C: Temperature [ITS-90, deg C]
# name 2 = sal00: Salinity, Practical [PSU]
# name 3 = sbeox0V: Oxygen raw, SBE 43 [V]
# name 4 = sbeox0ML/L: Oxygen, SBE 43 [ml/l]
# name 5 = sbox0Mm/Kg: Oxygen, SBE 43 [umol/kg]
# name 6 = flag:  0.000e+00
# span 0 =     -0.842,     51.329                 
# span 1 =    15.7150,    21.1262                 
# span 2 =    37.6945,    38.4564                 
# span 3 =     2.3224,     2.5104                 
# span 4 =     4.3750,     5.5622                 
# span 5 =    190.264,    241.576                 
# span 6 = 0.0000e+00, 0.0000e+00                 
# interval = seconds: 0.0416667
# start_time = Oct 12 2022 10:52:35 [System UTC, header]
# bad_flag = -9.990e-29
*END*
[from data line 3898]
     30.349    20.6931    38.2103     2.5031     5.0238    218.460  0.000e+00
     30.349    20.6814    38.2365     2.5031     5.0244    218.482  0.000e+00
     30.334    20.7076    38.2595     2.5043     5.0246    218.485  0.000e+00
     30.349    20.7402    38.2629     2.5043     5.0215    218.354  0.000e+00
     30.283    20.7622    38.2608     2.5043     5.0195    218.269  0.000e+00
     30.189    20.7826    38.2541     2.5043     5.0178    218.194  0.000e+00
     30.225    20.7982    38.2419     2.5043     5.0166    218.146  0.000e+00
     30.189    20.8046    38.2301     2.5043     5.0162    218.130  0.000e+00
     30.174    20.8032    38.2235     2.5043     5.0163    218.136  0.000e+00
     30.080    20.7978    38.2183     2.5043     5.0166    218.151  0.000e+00
     30.065    20.7874    38.2187     2.5043     5.0172    218.177  0.000e+00
     30.080    20.7789    38.2200     2.5043     5.0176    218.192  0.000e+00
     29.964    20.7715    38.2230     2.5043     5.0178    218.202  0.000e+00
     29.971    20.7692    38.2351     2.5043     5.0174    218.180  0.000e+00
     29.971    20.7822    38.2461     2.5043     5.0154    218.094  0.000e+00
     29.855    20.8007    38.2496     2.5043     5.0130    217.991  0.000e+00
     29.869    20.8183    38.2467     2.5043     5.0109    217.901  0.000e+00
     29.804    20.8328    38.2413     2.5043     5.0093    217.832  0.000e+00
     29.811    20.8421    38.2370     2.5043     5.0079    217.773  0.000e+00
     29.746    20.8484    38.2360     2.5043     5.0069    217.727  0.000e+00
     29.709    20.8551    38.2351     2.5031     5.0024    217.534  0.000e+00
     29.695    20.8602    38.2333     2.5043     5.0045    217.624  0.000e+00
     29.651    20.8628    38.2343     2.5043     5.0035    217.584  0.000e+00
     29.600    20.8725    38.2428     2.5043     5.0021    217.521  0.000e+00
     29.535    20.8974    38.2409     2.5043     4.9991    217.390  0.000e+00
     29.549    20.9126    38.2299     2.5043     4.9974    217.321  0.000e+00
     29.484    20.9090    38.2318     2.5043     4.9973    217.315  0.000e+00
     29.491    20.9109    38.2409     2.5043     4.9965    217.277  0.000e+00
     29.426    20.9236    38.2444     2.5043     4.9947    217.200  0.000e+00
     29.440    20.9364    38.2391     2.5043     4.9932    217.136  0.000e+00
     29.375    20.9432    38.2389     2.5043     4.9920    217.085  0.000e+00
     29.390    20.9527    38.2369     2.5043     4.9906    217.027  0.000e+00
     29.331    20.9580    38.2319     2.5043     4.9897    216.986  0.000e+00
     29.324    20.9574    38.2268     2.5043     4.9892    216.969  0.000e+00
     29.331    20.9522    38.2278     2.5055     4.9928    217.122  0.000e+00
     29.266    20.9516    38.2301     2.5055     4.9925    217.109  0.000e+00
     29.280    20.9527    38.2337     2.5055     4.9922    217.098  0.000e+00
     29.215    20.9589    38.2360     2.5055     4.9915    217.064  0.000e+00
     29.230    20.9649    38.2341     2.5043     4.9876    216.896  0.000e+00
     29.215    20.9656    38.2346     2.5055     4.9904    217.020  0.000e+00
     29.230    20.9677    38.2347     2.5055     4.9901    217.005  0.000e+00
     29.171    20.9700    38.2327     2.5055     4.9897    216.990  0.000e+00
     29.215    20.9688    38.2312     2.5055     4.9899    216.999  0.000e+00
     29.171    20.9679    38.2313     2.5055     4.9900    217.001  0.000e+00
     29.164    20.9689    38.2319     2.5055     4.9898    216.995  0.000e+00
     29.171    20.9709    38.2331     2.5055     4.9896    216.984  0.000e+00
     29.164    20.9731    38.2327     2.5055     4.9893    216.973  0.000e+00
     29.120    20.9738    38.2320     2.5055     4.9892    216.967  0.000e+00
     29.171    20.9737    38.2345     2.5055     4.9891    216.962  0.000e+00
     29.106    20.9761    38.2351     2.5055     4.9887    216.944  0.000e+00
     29.120    20.9782    38.2335     2.5055     4.9884    216.933  0.000e+00
     29.164    20.9784    38.2330     2.5055     4.9885    216.938  0.000e+00
     29.070    20.9784    38.2330     2.5043     4.9853    216.796  0.000e+00
     29.106    20.9798    38.2331     2.5043     4.9850    216.785  0.000e+00
     29.120    20.9818    38.2334     2.5043     4.9847    216.770  0.000e+00
     29.069    20.9835    38.2333     2.5043     4.9843    216.756  0.000e+00
     29.106    20.9835    38.2329     2.5043     4.9842    216.752  0.000e+00
     29.069    20.9826    38.2329     2.5043     4.9842    216.748  0.000e+00
     29.055    20.9822    38.2340     2.5043     4.9840    216.742  0.000e+00
     29.011    20.9821    38.2333     2.5043     4.9839    216.736  0.000e+00
     29.055    20.9814    38.2321     2.5043     4.9839    216.735  0.000e+00
     29.069    20.9771    38.2307     2.5043     4.9842    216.749  0.000e+00
     29.004    20.9694    38.2330     2.5043     4.9846    216.768  0.000e+00
     28.960    20.9675    38.2386     2.5031     4.9812    216.617  0.000e+00
     29.011    20.9737    38.2394     2.5031     4.9803    216.578  0.000e+00
     28.946    20.9782    38.2373     2.5019     4.9762    216.403  0.000e+00
     28.960    20.9800    38.2354     2.5019     4.9756    216.376  0.000e+00
     28.895    20.9811    38.2346     2.5031     4.9783    216.491  0.000e+00
     28.909    20.9817    38.2336     2.5019     4.9747    216.335  0.000e+00
     28.895    20.9810    38.2337     2.5019     4.9740    216.306  0.000e+00
     28.851    20.9800    38.2331     2.5019     4.9736    216.289  0.000e+00
     28.800    20.9784    38.2325     2.5007     4.9700    216.132  0.000e+00
     28.844    20.9773    38.2329     2.5007     4.9695    216.109  0.000e+00
     28.800    20.9768    38.2329     2.5019     4.9721    216.226  0.000e+00
     28.735    20.9758    38.2324     2.5007     4.9685    216.068  0.000e+00
     28.749    20.9742    38.2314     2.4994     4.9649    215.909  0.000e+00
     28.735    20.9717    38.2327     2.4994     4.9643    215.883  0.000e+00
     28.699    20.9711    38.2337     2.4994     4.9636    215.852  0.000e+00
     28.641    20.9709    38.2340     2.4994     4.9629    215.821  0.000e+00
     28.633    20.9698    38.2334     2.4994     4.9623    215.798  0.000e+00
     28.640    20.9683    38.2338     2.4970     4.9553    215.491  0.000e+00
     28.575    20.9682    38.2353     2.4982     4.9575    215.587  0.000e+00
     28.481    20.9702    38.2363     2.4982     4.9565    215.544  0.000e+00
     28.481    20.9723    38.2353     2.4970     4.9526    215.374  0.000e+00
     28.524    20.9733    38.2342     2.4970     4.9519    215.346  0.000e+00
     28.430    20.9732    38.2332     2.4958     4.9481    215.178  0.000e+00
     28.415    20.9719    38.2313     2.4958     4.9475    215.156  0.000e+00
     28.379    20.9688    38.2313     2.4958     4.9470    215.130  0.000e+00
     28.364    20.9663    38.2329     2.4946     4.9433    214.970  0.000e+00
     28.321    20.9649    38.2322     2.4946     4.9427    214.945  0.000e+00
     28.270    20.9634    38.2325     2.4946     4.9422    214.923  0.000e+00
     28.255    20.9624    38.2326     2.4946     4.9417    214.902  0.000e+00
     28.219    20.9616    38.2333     2.4946     4.9413    214.884  0.000e+00
     28.205    20.9607    38.2334     2.4946     4.9410    214.871  0.000e+00
     28.161    20.9603    38.2336     2.4946     4.9407    214.858  0.000e+00
     28.001    20.9598    38.2336     2.4933     4.9372    214.704  0.000e+00
     28.205    20.9596    38.2338     2.4933     4.9370    214.695  0.000e+00
     28.059    20.9593    38.2346     2.4933     4.9366    214.680  0.000e+00
     28.045    20.9600    38.2357     2.4933     4.9364    214.669  0.000e+00
     28.001    20.9624    38.2348     2.4933     4.9361    214.656  0.000e+00
     27.936    20.9626    38.2354     2.4933     4.9360    214.653  0.000e+00
     27.950    20.9637    38.2351     2.4921     4.9325    214.502  0.000e+00
     27.899    20.9639    38.2355     2.4933     4.9355    214.632  0.000e+00
     27.885    20.9647    38.2362     2.4921     4.9322    214.487  0.000e+00
     27.841    20.9665    38.2360     2.4921     4.9319    214.476  0.000e+00
     27.834    20.9681    38.2356     2.4921     4.9318    214.471  0.000e+00
     27.790    20.9686    38.2346     2.4921     4.9319    214.474  0.000e+00
     27.790    20.9693    38.2345     2.4921     4.9320    214.480  0.000e+00
     27.725    20.9693    38.2352     2.4921     4.9322    214.489  0.000e+00
     27.681    20.9694    38.2353     2.4921     4.9326    214.504  0.000e+00
     27.674    20.9700    38.2352     2.4921     4.9330    214.522  0.000e+00
     27.631    20.9707    38.2358     2.4909     4.9301    214.398  0.000e+00
     27.631    20.9717    38.2356     2.4909     4.9303    214.403  0.000e+00
     27.565    20.9723    38.2356     2.4909     4.9305    214.413  0.000e+00
     27.580    20.9733    38.2359     2.4909     4.9305    214.416  0.000e+00
     27.565    20.9744    38.2353     2.4909     4.9307    214.423  0.000e+00
     27.522    20.9746    38.2349     2.4909     4.9312    214.446  0.000e+00
     27.471    20.9746    38.2354     2.4897     4.9283    214.319  0.000e+00
     27.405    20.9749    38.2353     2.4897     4.9285    214.329  0.000e+00
     27.471    20.9753    38.2354     2.4897     4.9289    214.346  0.000e+00
     27.405    20.9758    38.2360     2.4897     4.9291    214.352  0.000e+00
     27.420    20.9765    38.2357     2.4897     4.9294    214.364  0.000e+00
     27.362    20.9769    38.2355     2.4897     4.9299    214.389  0.000e+00
     27.354    20.9772    38.2351     2.4897     4.9304    214.410  0.000e+00
     27.311    20.9772    38.2351     2.4884     4.9274    214.281  0.000e+00
     27.304    20.9774    38.2351     2.4897     4.9309    214.433  0.000e+00
     27.311    20.9772    38.2356     2.4897     4.9314    214.455  0.000e+00
     27.260    20.9775    38.2355     2.4897     4.9320    214.478  0.000e+00
     27.246    20.9776    38.2357     2.4897     4.9326    214.505  0.000e+00
     27.260    20.9777    38.2361     2.4897     4.9329    214.516  0.000e+00
     27.195    20.9779    38.2360     2.4897     4.9334    214.538  0.000e+00
     27.202    20.9783    38.2358     2.4897     4.9339    214.564  0.000e+00
     27.151    20.9788    38.2359     2.4897     4.9343    214.580  0.000e+00
     27.195    20.9791    38.2359     2.4897     4.9348    214.602  0.000e+00
     27.151    20.9795    38.2356     2.4897     4.9351    214.614  0.000e+00
     26.991    20.9797    38.2363     2.4897     4.9354    214.625  0.000e+00
     27.245    20.9803    38.2357     2.4897     4.9359    214.648  0.000e+00
     27.042    20.9805    38.2358     2.4897     4.9360    214.653  0.000e+00
     27.086    20.9802    38.2363     2.4897     4.9363    214.667  0.000e+00
     27.042    20.9805    38.2358     2.4897     4.9366    214.679  0.000e+00
     27.042    20.9803    38.2357     2.4897     4.9370    214.696  0.000e+00
     27.035    20.9804    38.2358     2.4897     4.9374    214.712  0.000e+00
     26.991    20.9807    38.2358     2.4897     4.9377    214.728  0.000e+00
     26.984    20.9805    38.2360     2.4897     4.9382    214.749  0.000e+00
     26.991    20.9804    38.2360     2.4897     4.9385    214.761  0.000e+00
     26.940    20.9805    38.2367     2.4897     4.9387    214.772  0.000e+00
     26.926    20.9809    38.2373     2.4897     4.9390    214.783  0.000e+00
     26.882    20.9816    38.2370     2.4897     4.9393    214.795  0.000e+00
     26.926    20.9823    38.2369     2.4897     4.9396    214.810  0.000e+00
     26.882    20.9829    38.2369     2.4897     4.9399    214.824  0.000e+00
     26.831    20.9835    38.2368     2.4897     4.9401    214.830  0.000e+00
     26.875    20.9837    38.2369     2.4897     4.9405    214.850  0.000e+00
     26.831    20.9840    38.2361     2.4897     4.9408    214.860  0.000e+00
     26.780    20.9838    38.2364     2.4897     4.9410    214.871  0.000e+00
     26.824    20.9840    38.2364     2.4897     4.9413    214.884  0.000e+00
     26.780    20.9845    38.2366     2.4897     4.9415    214.895  0.000e+00
     26.715    20.9847    38.2376     2.4897     4.9418    214.905  0.000e+00
     26.780    20.9856    38.2374     2.4897     4.9421    214.918  0.000e+00
     26.722    20.9866    38.2388     2.4897     4.9423    214.927  0.000e+00
     26.664    20.9880    38.2383     2.4897     4.9425    214.937  0.000e+00
     26.671    20.9880    38.2375     2.4897     4.9427    214.946  0.000e+00
     26.664    20.9879    38.2371     2.4897     4.9429    214.955  0.000e+00
     26.671    20.9881    38.2368     2.4897     4.9431    214.963  0.000e+00
     26.621    20.9871    38.2366     2.4897     4.9434    214.975  0.000e+00
     26.606    20.9865    38.2362     2.4897     4.9437    214.987  0.000e+00
     26.563    20.9857    38.2364     2.4884     4.9406    214.855  0.000e+00
     26.562    20.9856    38.2359     2.4897     4.9438    214.991  0.000e+00
     26.504    20.9854    38.2367     2.4897     4.9437    214.990  0.000e+00
     26.562    20.9854    38.2374     2.4897     4.9438    214.991  0.000e+00
     26.446    20.9857    38.2369     2.4897     4.9437    214.988  0.000e+00
     26.461    20.9859    38.2371     2.4897     4.9437    214.988  0.000e+00
     26.461    20.9859    38.2374     2.4884     4.9404    214.846  0.000e+00
     26.446    20.9861    38.2367     2.4884     4.9402    214.838  0.000e+00
     26.352    20.9860    38.2368     2.4897     4.9431    214.961  0.000e+00
     26.403    20.9858    38.2372     2.4884     4.9399    214.821  0.000e+00
     26.345    20.9863    38.2381     2.4884     4.9396    214.808  0.000e+00
     26.301    20.9873    38.2381     2.4884     4.9393    214.796  0.000e+00
     26.345    20.9870    38.2381     2.4884     4.9392    214.791  0.000e+00
     26.243    20.9873    38.2380     2.4884     4.9389    214.781  0.000e+00
     26.243    20.9875    38.2376     2.4884     4.9388    214.774  0.000e+00
     26.185    20.9876    38.2374     2.4884     4.9386    214.767  0.000e+00
     26.192    20.9877    38.2373     2.4884     4.9385    214.761  0.000e+00
     26.141    20.9875    38.2372     2.4884     4.9384    214.756  0.000e+00
     26.076    20.9876    38.2387     2.4884     4.9382    214.747  0.000e+00
     26.083    20.9889    38.2394     2.4884     4.9379    214.737  0.000e+00
     26.032    20.9896    38.2388     2.4884     4.9378    214.730  0.000e+00
     25.967    20.9898    38.2373     2.4884     4.9377    214.726  0.000e+00
     25.981    20.9890    38.2364     2.4884     4.9377    214.728  0.000e+00
     25.865    20.9875    38.2364     2.4884     4.9377    214.728  0.000e+00
     25.981    20.9868    38.2370     2.4884     4.9378    214.731  0.000e+00
     25.872    20.9865    38.2375     2.4884     4.9377    214.726  0.000e+00
     25.814    20.9864    38.2376     2.4884     4.9376    214.724  0.000e+00
     25.771    20.9863    38.2376     2.4884     4.9376    214.722  0.000e+00
     25.771    20.9865    38.2375     2.4872     4.9343    214.577  0.000e+00
     25.705    20.9862    38.2380     2.4872     4.9340    214.567  0.000e+00
     25.662    20.9865    38.2381     2.4872     4.9338    214.556  0.000e+00
     25.662    20.9863    38.2384     2.4872     4.9336    214.548  0.000e+00
     25.596    20.9866    38.2387     2.4872     4.9334    214.538  0.000e+00
     25.553    20.9874    38.2402     2.4872     4.9331    214.525  0.000e+00
     25.545    20.9891    38.2406     2.4872     4.9328    214.513  0.000e+00
     25.502    20.9900    38.2400     2.4872     4.9326    214.504  0.000e+00
     25.451    20.9908    38.2399     2.4872     4.9324    214.496  0.000e+00
     25.437    20.9915    38.2399     2.4872     4.9322    214.490  0.000e+00
     25.393    20.9924    38.2400     2.4872     4.9321    214.483  0.000e+00
