Data/2022/Day2/ctds/2.cnv
* Sea-Bird SBE 9 Data File:
* FileName = C:\CTD\Mir-MER\ST2_D2.hex
* Software Version Seasave V 7.26.7.121
* Temperature SN = 0809
* Conductivity SN = 3159
* Number of Bytes Per Scan = 24
* Number of Voltage Words = 4
* Number of Scans Averaged by the Deck Unit = 1
** Ship: antedon
** Station: ST2 D2
** Operator:
# nquan = 7
# nvalues = 5245                                  
# units = specified
# name 0 = prDM: Pressure, Digiquartz [db]
# name 1 = t090C: Temperature [ITS-90, deg C]
# name 2 = sal00: Salinity, Practical [PSU]
# name 3 = sbeox0V: Oxygen raw, SBE 43 [V]
# name 4 = sbeox0ML/L: Oxygen, SBE 43 [ml/l]
# name 5 = sbox0Mm/Kg: Oxygen, SBE 43 [umol/kg]
# name 6 = flag:  0.000e+00
# span 0 =     -0.842,     51.329                 
# span 1 =    15.7150,    21.1262                 
# span 2 =    37.6945,    38.4564                 
# span 3 =     2.3224,     2.5104                 
# span 4 =     4.3750,     5.5622                 
# span 5 =    190.264,    241.576                 
# span 6 = 0.0000e+00, 0.0000e+00                 
# interval = seconds: 0.0416667
# start_time = Oct 12 2022 10:52:35 [System UTC, header]
# bad_flag = -9.990e-29
*END*
[from data line 3283]
     46.122    19.0441    38.2002     2.4799     5.1292    222.950  0.000e+00
     46.100    19.0635    38.2032     2.4787     5.1223    222.648  0.000e+00
     46.042    19.0869    38.2005     2.4799     5.1219    222.635  0.000e+00
     45.991    19.1090    38.1973     2.4799     5.1185    222.486  0.000e+00
     45.991    19.1216    38.1946     2.4799     5.1159    222.376  0.000e+00
     45.911    19.1305    38.1862     2.4799     5.1141    222.297  0.000e+00
     45.831    19.1340    38.1854     2.4787     5.1093    222.089  0.000e+00
     45.831    19.1430    38.1781     2.4787     5.1073    222.007  0.000e+00
     45.780    19.1444    38.1702     2.4799     5.1098    222.115  0.000e+00
     45.780    19.1394    38.1659     2.4799     5.1096    222.107  0.000e+00
     45.700    19.1319    38.1616     2.4799     5.1098    222.117  0.000e+00
     45.729    19.1182    38.1574     2.4799     5.1107    222.155  0.000e+00
     45.620    19.1013    38.1727     2.4799     5.1112    222.172  0.000e+00
     45.620    19.1032    38.1873     2.4799     5.1101    222.124  0.000e+00
     45.620    19.1140    38.1902     2.4811     5.1120    222.205  0.000e+00
     45.591    19.1248    38.1913     2.4811     5.1109    222.159  0.000e+00
     45.569    19.1447    38.1926     2.4811     5.1089    222.074  0.000e+00
     45.511    19.1662    38.1902     2.4811     5.1069    221.987  0.000e+00
     45.511    19.1819    38.1883     2.4823     5.1088    222.073  0.000e+00
     45.511    19.1957    38.1818     2.4823     5.1079    222.035  0.000e+00
     45.431    19.2058    38.1755     2.4823     5.1075    222.020  0.000e+00
     45.511    19.2092    38.1709     2.4835     5.1113    222.183  0.000e+00
     45.460    19.2164    38.1650     2.4835     5.1114    222.190  0.000e+00
     45.460    19.2325    38.1370     2.4848     5.1148    222.341  0.000e+00
     45.460    19.2332    38.0969     2.4848     5.1168    222.436  0.000e+00
     45.322    19.1794    38.1173     2.4860     5.1257    222.816  0.000e+00
     45.569    19.1395    38.1499     2.4860     5.1298    222.990  0.000e+00
     45.409    19.1210    38.1927     2.4860     5.1313    223.045  0.000e+00
     45.460    19.1324    38.1975     2.4860     5.1310    223.032  0.000e+00
     45.460    19.1360    38.1829     2.4860     5.1320    223.079  0.000e+00
     45.322    19.1307    38.1728     2.4872     5.1371    223.301  0.000e+00
     45.569    19.1218    38.1685     2.4872     5.1394    223.399  0.000e+00
     45.460    19.1078    38.1686     2.4872     5.1417    223.501  0.000e+00
     45.460    19.0945    38.1664     2.4872     5.1441    223.604  0.000e+00
     45.460    19.0826    38.1672     2.4872     5.1462    223.694  0.000e+00
     45.380    19.0739    38.1695     2.4884     5.1513    223.914  0.000e+00
     45.569    19.0656    38.1643     2.4884     5.1534    224.009  0.000e+00
     45.511    19.0458    38.1647     2.4897     5.1598    224.285  0.000e+00
     45.510    19.0291    38.1712     2.4897     5.1625    224.399  0.000e+00
     45.460    19.0257    38.1843     2.4897     5.1635    224.440  0.000e+00
     45.510    19.0507    38.1920     2.4897     5.1618    224.367  0.000e+00
     45.481    19.0803    38.1902     2.4897     5.1596    224.272  0.000e+00
     45.510    19.0970    38.1850     2.4909     5.1621    224.385  0.000e+00
     45.510    19.1053    38.1775     2.4909     5.1623    224.394  0.000e+00
     45.510    19.1058    38.1684     2.4897     5.1598    224.286  0.000e+00
     45.510    19.0961    38.1491     2.4909     5.1652    224.523  0.000e+00
     45.430    19.0706    38.1343     2.4909     5.1687    224.676  0.000e+00
     45.459    19.0377    38.1341     2.4921     5.1759    224.988  0.000e+00
     45.459    19.0055    38.1365     2.4909     5.1762    225.000  0.000e+00
     45.408    18.9738    38.1523     2.4909     5.1791    225.122  0.000e+00
     45.350    18.9576    38.1687     2.4909     5.1801    225.162  0.000e+00
     45.321    18.9530    38.1775     2.4909     5.1804    225.170  0.000e+00
     45.299    18.9520    38.1803     2.4909     5.1803    225.167  0.000e+00
     45.248    18.9501    38.1782     2.4909     5.1804    225.170  0.000e+00
     45.248    18.9449    38.1809     2.4921     5.1840    225.329  0.000e+00
     45.001    18.9479    38.2063     2.4921     5.1824    225.255  0.000e+00
     45.299    18.9915    38.2585     2.4909     5.1727    224.825  0.000e+00
     45.088    19.0720    38.2996     2.4909     5.1626    224.384  0.000e+00
     45.030    19.1534    38.2845     2.4909     5.1542    224.026  0.000e+00
     44.929    19.2038    38.2456     2.4909     5.1495    223.833  0.000e+00
     44.950    19.2301    38.2011     2.4909     5.1474    223.752  0.000e+00
     44.820    19.2256    38.1871     2.4909     5.1473    223.749  0.000e+00
     44.820    19.2251    38.2070     2.4909     5.1458    223.678  0.000e+00
     44.769    19.2538    38.2263     2.4909     5.1415    223.488  0.000e+00
     44.711    19.2930    38.2185     2.4909     5.1368    223.291  0.000e+00
     44.631    19.3210    38.2241     2.4897     5.1294    222.969  0.000e+00
     44.609    19.3589    38.2365     2.4909     5.1274    222.881  0.000e+00
     44.551    19.4070    38.2248     2.4897     5.1186    222.505  0.000e+00
     44.500    19.4366    38.2003     2.4897     5.1152    222.363  0.000e+00
     44.311    19.4453    38.1830     2.4897     5.1135    222.293  0.000e+00
     44.551    19.4439    38.1804     2.4897     5.1129    222.263  0.000e+00
     44.340    19.4456    38.2044     2.4897     5.1107    222.167  0.000e+00
     44.289    19.4762    38.2201     2.4897     5.1063    221.974  0.000e+00
     44.231    19.5081    38.2040     2.4897     5.1027    221.821  0.000e+00
     44.202    19.5183    38.2083     2.4897     5.1008    221.739  0.000e+00
     44.129    19.5425    38.2110     2.4884     5.0941    221.451  0.000e+00
     44.129    19.5651    38.2011     2.4897     5.0946    221.474  0.000e+00
     44.071    19.5727    38.1877     2.4897     5.0934    221.426  0.000e+00
     44.042    19.5648    38.1861     2.4909     5.0968    221.572  0.000e+00
     43.969    19.5677    38.1841     2.4909     5.0962    221.544  0.000e+00
     43.969    19.5682    38.1785     2.4909     5.0958    221.531  0.000e+00
     43.911    19.5585    38.1782     2.4909     5.0963    221.552  0.000e+00
     43.911    19.5487    38.1814     2.4921     5.1001    221.715  0.000e+00
     43.831    19.5461    38.1916     2.4921     5.0997    221.696  0.000e+00
     43.809    19.5526    38.2083     2.4921     5.0985    221.640  0.000e+00
     43.809    19.5755    38.2050     2.4933     5.0996    221.692  0.000e+00
     43.809    19.5870    38.2042     2.4933     5.0989    221.659  0.000e+00
     43.722    19.5953    38.2064     2.4933     5.0982    221.632  0.000e+00
     43.751    19.6033    38.2060     2.4945     5.1011    221.759  0.000e+00
     43.700    19.6096    38.2033     2.4958     5.1044    221.903  0.000e+00
     43.700    19.6120    38.2067     2.4958     5.1048    221.917  0.000e+00
     43.671    19.6277    38.2050     2.4958     5.1041    221.889  0.000e+00
     43.649    19.6618    38.1890     2.4970     5.1054    221.952  0.000e+00
     43.649    19.6890    38.1725     2.4970     5.1040    221.894  0.000e+00
     43.649    19.6921    38.1695     2.5006     5.1149    222.369  0.000e+00
     43.620    19.6927    38.1631     2.4994     5.1132    222.295  0.000e+00
     43.649    19.6777    38.1603     2.4994     5.1163    222.429  0.000e+00
     43.598    19.6488    38.1656     2.5006     5.1235    222.741  0.000e+00
     43.598    19.6270    38.1706     2.5031     5.1337    223.180  0.000e+00
     43.620    19.6140    38.1758     2.5006     5.1298    223.009  0.000e+00
     43.598    19.6066    38.1800     2.5019     5.1349    223.232  0.000e+00
     43.598    19.6011    38.1848     2.5019     5.1367    223.306  0.000e+00
     43.598    19.6002    38.1893     2.5019     5.1378    223.357  0.000e+00
     43.402    19.6066    38.1917     2.5031     5.1418    223.529  0.000e+00
     43.750    19.6135    38.1903     2.5031     5.1429    223.579  0.000e+00
     43.598    19.6178    38.1866     2.5043     5.1471    223.762  0.000e+00
     43.540    19.6185    38.1784     2.5043     5.1486    223.828  0.000e+00
     43.598    19.6092    38.1725     2.5043     5.1510    223.932  0.000e+00
     43.619    19.5870    38.1742     2.5043     5.1543    224.074  0.000e+00
     43.539    19.5759    38.1843     2.5043     5.1561    224.149  0.000e+00
     43.598    19.5802    38.1801     2.5043     5.1567    224.178  0.000e+00
     43.539    19.5664    38.1723     2.5055     5.1625    224.430  0.000e+00
     43.561    19.5426    38.1698     2.5055     5.1659    224.577  0.000e+00
     43.539    19.5226    38.1737     2.5055     5.1686    224.692  0.000e+00
     43.539    19.5128    38.1765     2.5055     5.1699    224.750  0.000e+00
     43.539    19.5048    38.1827     2.5055     5.1711    224.799  0.000e+00
     43.510    19.5029    38.1871     2.5055     5.1714    224.809  0.000e+00
     43.488    19.5030    38.1882     2.5055     5.1714    224.809  0.000e+00
     43.488    19.5046    38.1872     2.5055     5.1712    224.801  0.000e+00
     43.437    19.5018    38.1877     2.5055     5.1712    224.803  0.000e+00
     43.401    19.5014    38.1878     2.5043     5.1675    224.641  0.000e+00
     43.379    19.5046    38.1830     2.5043     5.1667    224.605  0.000e+00
     43.379    19.5046    38.1774     2.5043     5.1660    224.579  0.000e+00
     43.328    19.4983    38.1747     2.5043     5.1658    224.570  0.000e+00
     43.350    19.4905    38.1747     2.5043     5.1653    224.549  0.000e+00
     43.277    19.4825    38.1769     2.5043     5.1649    224.528  0.000e+00
     43.219    19.4718    38.1747     2.5043     5.1647    224.520  0.000e+00
     43.219    19.4527    38.1773     2.5031     5.1620    224.401  0.000e+00
     43.190    19.4382    38.1810     2.5031     5.1618    224.393  0.000e+00
     43.117    19.4298    38.1822     2.5031     5.1610    224.356  0.000e+00
     43.117    19.4248    38.1957     2.5031     5.1594    224.284  0.000e+00
     43.008    19.4411    38.2108     2.5019     5.1523    223.974  0.000e+00
     43.030    19.4656    38.2164     2.5019     5.1479    223.781  0.000e+00
     43.008    19.4847    38.2181     2.5019     5.1440    223.612  0.000e+00
     42.899    19.5070    38.2149     2.5019     5.1400    223.443  0.000e+00
     42.899    19.5254    38.2094     2.5007     5.1332    223.146  0.000e+00
     42.819    19.5390    38.2048     2.5019     5.1332    223.149  0.000e+00
     42.797    19.5480    38.2138     2.4994     5.1235    222.727  0.000e+00
     42.739    19.5656    38.2574     2.4994     5.1185    222.501  0.000e+00
     42.688    19.6165    38.2766     2.4994     5.1108    222.170  0.000e+00
     42.659    19.6823    38.2847     2.4994     5.1021    221.794  0.000e+00
     42.579    19.7550    38.2751     2.4994     5.0935    221.424  0.000e+00
     42.529    19.8095    38.2621     2.4970     5.0800    220.843  0.000e+00
     42.478    19.8623    38.2468     2.4970     5.0738    220.578  0.000e+00
     42.441    19.9048    38.2206     2.4982     5.0721    220.511  0.000e+00
     42.369    19.9211    38.2059     2.4970     5.0660    220.252  0.000e+00
     42.369    19.9307    38.2019     2.4970     5.0638    220.154  0.000e+00
     42.281    19.9356    38.1900     2.4970     5.0627    220.108  0.000e+00
     42.260    19.9310    38.1824     2.4970     5.0619    220.077  0.000e+00
     42.259    19.9226    38.1801     2.4958     5.0583    219.919  0.000e+00
     42.158    19.9160    38.1838     2.4958     5.0575    219.882  0.000e+00
     42.071    19.9143    38.1843     2.4958     5.0563    219.831  0.000e+00
     42.100    19.9069    38.1849     2.4958     5.0560    219.819  0.000e+00
     42.049    19.8970    38.1948     2.4958     5.0557    219.804  0.000e+00
     41.940    19.9017    38.2103     2.4958     5.0542    219.733  0.000e+00
     41.911    19.9178    38.2143     2.4958     5.0519    219.637  0.000e+00
     41.940    19.9330    38.2065     2.4958     5.0503    219.566  0.000e+00
     41.889    19.9371    38.1914     2.4970     5.0532    219.698  0.000e+00
     41.802    19.9270    38.1853     2.4970     5.0542    219.741  0.000e+00
     41.780    19.9176    38.1846     2.4982     5.0584    219.923  0.000e+00
     41.729    19.9089    38.1887     2.4970     5.0562    219.825  0.000e+00
     41.729    19.9054    38.1932     2.4994     5.0634    220.138  0.000e+00
     41.700    19.9050    38.2001     2.4994     5.0640    220.164  0.000e+00
     41.678    19.9169    38.2215     2.4994     5.0631    220.119  0.000e+00
     41.620    19.9559    38.2205     2.4994     5.0602    219.998  0.000e+00
     41.591    19.9776    38.2102     2.5019     5.0661    220.256  0.000e+00
     41.569    19.9853    38.2083     2.5019     5.0668    220.289  0.000e+00
     41.518    19.9978    38.2112     2.5031     5.0703    220.441  0.000e+00
     41.518    20.0161    38.2110     2.5031     5.0703    220.439  0.000e+00
     41.482    20.0328    38.2112     2.5043     5.0735    220.579  0.000e+00
     41.460    20.0503    38.2084     2.5043     5.0736    220.585  0.000e+00
     41.460    20.0626    38.2051     2.5043     5.0742    220.613  0.000e+00
     41.380    20.0684    38.2021     2.5043     5.0753    220.665  0.000e+00
     41.409    20.0705    38.1988     2.5055     5.0803    220.882  0.000e+00
     41.358    20.0705    38.1972     2.5055     5.0822    220.966  0.000e+00
     41.358    20.0689    38.1959     2.5068     5.0877    221.203  0.000e+00
     41.321    20.0679    38.1951     2.5068     5.0897    221.289  0.000e+00
     41.307    20.0672    38.1925     2.5068     5.0917    221.376  0.000e+00
     41.307    20.0609    38.1920     2.5068     5.0941    221.482  0.000e+00
     41.321    20.0553    38.1897     2.5068     5.0965    221.587  0.000e+00
     41.249    20.0481    38.1901     2.5068     5.0987    221.682  0.000e+00
     41.249    20.0433    38.1911     2.5068     5.1006    221.765  0.000e+00
     41.198    20.0415    38.1931     2.5068     5.1022    221.831  0.000e+00
     41.220    20.0459    38.1930     2.5080     5.1065    222.021  0.000e+00
     41.198    20.0511    38.1921     2.5080     5.1074    222.059  0.000e+00
     41.198    20.0555    38.1926     2.5080     5.1085    222.107  0.000e+00
     41.161    20.0553    38.1900     2.5080     5.1096    222.155  0.000e+00
     41.147    20.0431    38.1910     2.5080     5.1117    222.245  0.000e+00
     41.147    20.0300    38.1949     2.5092     5.1171    222.480  0.000e+00
     41.110    20.0255    38.1994     2.5092     5.1184    222.536  0.000e+00
     41.089    20.0321    38.1950     2.5092     5.1189    222.556  0.000e+00
     41.088    20.0313    38.1985     2.5092     5.1192    222.572  0.000e+00
     41.088    20.0430    38.2014     2.5104     5.1217    222.678  0.000e+00
     41.059    20.0606    38.2038     2.5104     5.1205    222.628  0.000e+00
     41.088    20.0728    38.2014     2.5104     5.1197    222.596  0.000e+00
     40.987    20.0816    38.1900     2.5104     5.1194    222.583  0.000e+00
     41.059    20.0815    38.1813     2.5104     5.1198    222.604  0.000e+00
     40.928    20.0647    38.1902     2.5104     5.1212    222.659  0.000e+00
     41.037    20.0489    38.2027     2.5104     5.1221    222.697  0.000e+00
     40.950    20.0491    38.1998     2.5104     5.1217    222.680  0.000e+00
     40.986    20.0459    38.1957     2.5104     5.1216    222.677  0.000e+00
     40.928    20.0412    38.1931     2.5104     5.1215    222.671  0.000e+00
     40.877    20.0381    38.1919     2.5104     5.1210    222.651  0.000e+00
     40.899    20.0353    38.1876     2.5104     5.1206    222.631  0.000e+00
