Data/2022/Day2/ctds/3.cnv
* Sea-Bird SBE 9 Data File:
* FileName = C:\CTD\Mir-MER\ST3_D2.hex
* Software Version Seasave V 7.26.7.121
* Temperature SN = 0809
* Conductivity SN = 3159
* Number of Bytes Per Scan = 24
* Number of Voltage Words = 4
* Number of Scans Averaged by the Deck Unit = 1
** Ship: antedon
** Station: ST3 D2
** Operator:
# nquan = 7
# nvalues = 4745                                  
# units = specified
# name 0 = prDM: Pressure, Digiquartz [db]
# name 1 = t090C: Temperature [ITS-90, deg C]
# name 2 = sal00: Salinity, Practical [PSU]
# name 3 = sbeox0V: Oxygen raw, SBE 43 [V]
# name 4 = sbeox0ML/L: Oxygen, SBE 43 [ml/l]
# name 5 = sbox0Mm/Kg: Oxygen, SBE 43 [umol/kg]
# name 6 = flag:  0.000e+00
# span 0 =     -0.966,     50.661                 
# span 1 =    16.4268,    21.1379                 
# span 2 =    38.0247,    38.2824                 
# span 3 =     2.3761,     2.5129                 
# span 4 =     4.4887,     5.3245                 
# span 5 =    195.209,    231.297                 
# span 6 = 0.0000e+00, 0.0000e+00                 
# interval = seconds: 0.0416667
# start_time = Oct 12 2022 11:06:40 [System UTC, header]
# bad_flag = -9.990e-29
*END*
[from data line 2052]
     48.796    17.4676    38.1756     2.4542     5.1427    223.451  0.000e+00
     48.796    17.4420    38.1767     2.4530     5.1412    223.384  0.000e+00
     48.847    17.4162    38.1816     2.4530     5.1430    223.459  0.000e+00
     48.825    17.3957    38.1806     2.4518     5.1411    223.377  0.000e+00
     48.905    17.3690    38.1824     2.4506     5.1396    223.310  0.000e+00
     48.905    17.3412    38.1822     2.4506     5.1419    223.408  0.000e+00
     48.905    17.3189    38.1730     2.4493     5.1404    223.343  0.000e+00
     48.905    17.2863    38.1716     2.4493     5.1433    223.468  0.000e+00
     48.956    17.2515    38.1752     2.4493     5.1466    223.612  0.000e+00
     49.007    17.2205    38.1782     2.4481     5.1461    223.587  0.000e+00
     48.956    17.1876    38.1822     2.4481     5.1493    223.724  0.000e+00
     49.007    17.1562    38.1854     2.4469     5.1490    223.706  0.000e+00
     49.036    17.1341    38.1820     2.4469     5.1515    223.817  0.000e+00
     49.065    17.1105    38.1804     2.4457     5.1507    223.777  0.000e+00
     49.065    17.0863    38.1807     2.4457     5.1534    223.896  0.000e+00
     49.116    17.0616    38.1802     2.4444     5.1530    223.879  0.000e+00
     49.115    17.0344    38.1835     2.4444     5.1562    224.012  0.000e+00
     49.115    17.0105    38.1830     2.4432     5.1558    223.996  0.000e+00
     49.166    16.9892    38.1831     2.4420     5.1553    223.973  0.000e+00
     49.166    16.9684    38.1847     2.4420     5.1581    224.092  0.000e+00
     49.166    16.9489    38.1871     2.4408     5.1572    224.051  0.000e+00
     49.304    16.9318    38.1889     2.4396     5.1562    224.007  0.000e+00
     49.224    16.9173    38.1903     2.4396     5.1582    224.095  0.000e+00
     49.275    16.9035    38.1909     2.4383     5.1571    224.044  0.000e+00
     49.275    16.8881    38.1915     2.4371     5.1558    223.990  0.000e+00
     49.275    16.8741    38.1948     2.4359     5.1542    223.916  0.000e+00
     49.326    16.8641    38.1954     2.4359     5.1557    223.980  0.000e+00
     49.384    16.8514    38.1978     2.4347     5.1538    223.898  0.000e+00
     49.326    16.8420    38.1964     2.4347     5.1554    223.966  0.000e+00
     49.384    16.8322    38.1942     2.4335     5.1535    223.886  0.000e+00
     49.406    16.8218    38.1903     2.4335     5.1552    223.958  0.000e+00
     49.435    16.8102    38.1881     2.4322     5.1534    223.878  0.000e+00
     49.435    16.8016    38.1850     2.4310     5.1513    223.789  0.000e+00
     49.435    16.7880    38.1857     2.4310     5.1527    223.850  0.000e+00
     49.486    16.7728    38.1904     2.4298     5.1510    223.772  0.000e+00
     49.544    16.7616    38.1952     2.4298     5.1522    223.824  0.000e+00
     49.486    16.7549    38.1965     2.4286     5.1494    223.703  0.000e+00
     49.595    16.7512    38.1967     2.4286     5.1499    223.723  0.000e+00
     49.544    16.7475    38.1977     2.4273     5.1469    223.593  0.000e+00
     49.595    16.7433    38.1988     2.4261     5.1438    223.459  0.000e+00
     49.624    16.7404    38.1996     2.4261     5.1443    223.479  0.000e+00
     49.645    16.7382    38.2001     2.4261     5.1448    223.498  0.000e+00
     49.645    16.7361    38.2001     2.4249     5.1416    223.361  0.000e+00
     49.645    16.7341    38.1998     2.4261     5.1454    223.528  0.000e+00
     49.703    16.7318    38.1992     2.4249     5.1427    223.409  0.000e+00
     49.703    16.7300    38.1988     2.4249     5.1435    223.445  0.000e+00
     49.754    16.7284    38.1990     2.4237     5.1408    223.324  0.000e+00
     49.703    16.7272    38.1983     2.4237     5.1413    223.347  0.000e+00
     49.805    16.7247    38.1965     2.4237     5.1421    223.381  0.000e+00
     49.805    16.7201    38.1960     2.4237     5.1433    223.433  0.000e+00
     49.834    16.7166    38.1955     2.4237     5.1444    223.480  0.000e+00
     49.863    16.7130    38.1953     2.4237     5.1457    223.540  0.000e+00
     49.863    16.7085    38.1944     2.4237     5.1472    223.604  0.000e+00
     49.914    16.7034    38.1948     2.4237     5.1487    223.669  0.000e+00
     49.965    16.6997    38.1947     2.4225     5.1467    223.581  0.000e+00
     49.914    16.6960    38.1951     2.4225     5.1480    223.636  0.000e+00
     49.965    16.6926    38.1950     2.4237     5.1531    223.861  0.000e+00
     50.023    16.6897    38.1932     2.4237     5.1552    223.953  0.000e+00
     50.023    16.6859    38.1929     2.4237     5.1573    224.042  0.000e+00
     50.023    16.6817    38.1939     2.4237     5.1596    224.141  0.000e+00
     50.125    16.6778    38.1938     2.4237     5.1619    224.241  0.000e+00
     50.045    16.6752    38.1948     2.4225     5.1605    224.181  0.000e+00
     50.183    16.6733    38.1956     2.4249     5.1698    224.583  0.000e+00
     50.124    16.6721    38.1958     2.4237     5.1687    224.537  0.000e+00
     50.124    16.6714    38.1961     2.4237     5.1709    224.632  0.000e+00
     50.183    16.6707    38.1955     2.4237     5.1734    224.739  0.000e+00
     50.233    16.6694    38.1942     2.4249     5.1795    225.003  0.000e+00
     50.233    16.6673    38.1933     2.4249     5.1821    225.119  0.000e+00
     50.233    16.6650    38.1926     2.4249     5.1850    225.242  0.000e+00
     50.284    16.6632    38.1923     2.4249     5.1876    225.357  0.000e+00
     50.342    16.6610    38.1928     2.4249     5.1902    225.468  0.000e+00
     50.342    16.6592    38.1930     2.4249     5.1928    225.582  0.000e+00
     50.342    16.6578    38.1932     2.4261     5.1989    225.846  0.000e+00
     50.313    16.6568    38.1930     2.4261     5.2013    225.954  0.000e+00
     50.393    16.6559    38.1928     2.4261     5.2037    226.056  0.000e+00
     50.393    16.6549    38.1929     2.4261     5.2061    226.160  0.000e+00
     50.393    16.6536    38.1930     2.4261     5.2083    226.257  0.000e+00
     50.444    16.6524    38.1906     2.4261     5.2107    226.362  0.000e+00
     50.393    16.6481    38.1907     2.4273     5.2168    226.624  0.000e+00
     50.502    16.6434    38.1887     2.4273     5.2197    226.752  0.000e+00
     50.444    16.6392    38.1878     2.4286     5.2259    227.018  0.000e+00
     50.502    16.6374    38.1869     2.4286     5.2282    227.121  0.000e+00
     50.502    16.6360    38.1868     2.4286     5.2305    227.220  0.000e+00
     50.502    16.6339    38.1877     2.4286     5.2325    227.308  0.000e+00
     50.553    16.6317    38.1890     2.4286     5.2346    227.399  0.000e+00
     50.524    16.6292    38.1863     2.4286     5.2365    227.482  0.000e+00
     50.553    16.6166    38.1865     2.4298     5.2431    227.767  0.000e+00
     50.553    16.6059    38.1918     2.4298     5.2456    227.875  0.000e+00
     50.553    16.6038    38.1918     2.4298     5.2471    227.938  0.000e+00
     50.553    16.5999    38.1880     2.4310     5.2525    228.173  0.000e+00
     50.553    16.5931    38.1861     2.4310     5.2547    228.269  0.000e+00
     50.553    16.5865    38.1870     2.4322     5.2601    228.503  0.000e+00
     50.553    16.5828    38.1885     2.4322     5.2621    228.588  0.000e+00
     50.553    16.5802    38.1903     2.4322     5.2635    228.651  0.000e+00
     50.502    16.5790    38.1900     2.4335     5.2685    228.866  0.000e+00
     50.553    16.5769    38.1930     2.4335     5.2697    228.919  0.000e+00
     50.502    16.5810    38.1986     2.4335     5.2700    228.932  0.000e+00
     50.502    16.5896    38.1922     2.4335     5.2702    228.941  0.000e+00
     50.473    16.5872    38.1892     2.4347     5.2750    229.149  0.000e+00
     50.502    16.5840    38.1914     2.4347     5.2762    229.203  0.000e+00
     50.502    16.5867    38.1888     2.4347     5.2769    229.232  0.000e+00
     50.443    16.5856    38.1893     2.4359     5.2814    229.426  0.000e+00
     50.443    16.5869    38.1936     2.4359     5.2820    229.453  0.000e+00
     50.502    16.5951    38.1904     2.4359     5.2817    229.443  0.000e+00
     50.443    16.5959    38.1891     2.4359     5.2820    229.456  0.000e+00
     50.501    16.5946    38.1894     2.4371     5.2864    229.645  0.000e+00
     50.443    16.5954    38.1884     2.4371     5.2870    229.671  0.000e+00
     50.501    16.5958    38.1875     2.4371     5.2876    229.697  0.000e+00
     50.443    16.5949    38.1880     2.4383     5.2917    229.876  0.000e+00
     50.501    16.5959    38.1866     2.4383     5.2922    229.900  0.000e+00
     50.472    16.5958    38.1850     2.4383     5.2924    229.908  0.000e+00
     50.443    16.5953    38.1847     2.4396     5.2967    230.093  0.000e+00
     50.501    16.5948    38.1854     2.4396     5.2972    230.114  0.000e+00
     50.443    16.5932    38.1854     2.4396     5.2976    230.132  0.000e+00
     50.501    16.5910    38.1850     2.4396     5.2980    230.149  0.000e+00
     50.443    16.5896    38.1861     2.4408     5.3019    230.321  0.000e+00
     50.501    16.5892    38.1865     2.4408     5.3024    230.341  0.000e+00
     50.443    16.5881    38.1872     2.4408     5.3027    230.353  0.000e+00
     50.501    16.5884    38.1868     2.4420     5.3064    230.516  0.000e+00
     50.501    16.5893    38.1864     2.4420     5.3065    230.520  0.000e+00
     50.443    16.5900    38.1860     2.4420     5.3065    230.517  0.000e+00
     50.501    16.5905    38.1852     2.4432     5.3103    230.683  0.000e+00
     50.312    16.5917    38.1854     2.4432     5.3103    230.683  0.000e+00
     50.661    16.5924    38.1853     2.4432     5.3105    230.695  0.000e+00
     50.443    16.5934    38.1853     2.4432     5.3102    230.681  0.000e+00
     50.501    16.5939    38.1846     2.4432     5.3100    230.672  0.000e+00
     50.501    16.5924    38.1837     2.4445     5.3134    230.822  0.000e+00
     50.501    16.5898    38.1846     2.4445     5.3137    230.833  0.000e+00
     50.443    16.5889    38.1841     2.4445     5.3136    230.829  0.000e+00
     50.501    16.5872    38.1840     2.4445     5.3138    230.838  0.000e+00
     50.501    16.5852    38.1841     2.4457     5.3175    230.998  0.000e+00
     50.501    16.5838    38.1838     2.4457     5.3176    231.002  0.000e+00
     50.501    16.5830    38.1842     2.4457     5.3175    230.996  0.000e+00
     50.501    16.5821    38.1851     2.4457     5.3171    230.981  0.000e+00
     50.501    16.5812    38.1850     2.4457     5.3167    230.961  0.000e+00
     50.523    16.5807    38.1844     2.4457     5.3163    230.946  0.000e+00
     50.552    16.5802    38.1845     2.4469     5.3195    231.082  0.000e+00
     50.501    16.5795    38.1848     2.4469     5.3190    231.063  0.000e+00
     50.552    16.5788    38.1850     2.4481     5.3224    231.211  0.000e+00
     50.501    16.5791    38.1839     2.4469     5.3186    231.043  0.000e+00
     50.552    16.5783    38.1835     2.4481     5.3220    231.191  0.000e+00
     50.501    16.5771    38.1836     2.4469     5.3182    231.027  0.000e+00
     50.552    16.5763    38.1827     2.4469     5.3177    231.005  0.000e+00
     50.552    16.5732    38.1819     2.4481     5.3212    231.158  0.000e+00
     50.552    16.5691    38.1842     2.4481     5.3212    231.158  0.000e+00
     50.552    16.5659    38.1849     2.4481     5.3210    231.150  0.000e+00
     50.551    16.5611    38.1858     2.4481     5.3209    231.143  0.000e+00
     50.551    16.5568    38.1878     2.4493     5.3244    231.297  0.000e+00
     50.581    16.5557    38.1877     2.4493     5.3242    231.288  0.000e+00
     50.551    16.5527    38.1870     2.4493     5.3241    231.281  0.000e+00
     50.551    16.5455    38.1891     2.4493     5.3245    231.297  0.000e+00
     50.602    16.5426    38.1907     2.4493     5.3243    231.289  0.000e+00
     50.551    16.5413    38.1907     2.4493     5.3238    231.268  0.000e+00
     50.551    16.5402    38.1901     2.4493     5.3232    231.242  0.000e+00
     50.551    16.5395    38.1904     2.4493     5.3227    231.220  0.000e+00
     50.602    16.5397    38.1929     2.4493     5.3220    231.187  0.000e+00
     50.551    16.5431    38.1947     2.4506     5.3243    231.290  0.000e+00
     50.551    16.5477    38.1938     2.4506     5.3235    231.255  0.000e+00
     50.551    16.5513    38.1933     2.4506     5.3227    231.219  0.000e+00
     50.551    16.5544    38.1922     2.4506     5.3218    231.180  0.000e+00
     50.471    16.5564    38.1917     2.4506     5.3211    231.152  0.000e+00
     50.660    16.5585    38.1909     2.4506     5.3205    231.126  0.000e+00
     50.500    16.5601    38.1906     2.4506     5.3196    231.088  0.000e+00
     50.551    16.5614    38.1899     2.4506     5.3188    231.052  0.000e+00
     50.551    16.5641    38.1878     2.4506     5.3181    231.019  0.000e+00
     50.500    16.5662    38.1869     2.4518     5.3208    231.141  0.000e+00
     50.551    16.5693    38.1858     2.4506     5.3165    230.951  0.000e+00
     50.500    16.5729    38.1859     2.4506     5.3155    230.909  0.000e+00
     50.551    16.5777    38.1856     2.4506     5.3144    230.861  0.000e+00
     50.442    16.5824    38.1833     2.4518     5.3168    230.968  0.000e+00
     50.500    16.5845    38.1812     2.4518     5.3165    230.954  0.000e+00
     50.500    16.5845    38.1805     2.4518     5.3162    230.942  0.000e+00
     50.500    16.5847    38.1798     2.4518     5.3158    230.925  0.000e+00
     50.471    16.5845    38.1809     2.4518     5.3153    230.903  0.000e+00
     50.442    16.5861    38.1817     2.4506     5.3109    230.711  0.000e+00
     50.500    16.5895    38.1810     2.4506     5.3100    230.672  0.000e+00
     50.442    16.5924    38.1803     2.4518     5.3126    230.787  0.000e+00
     50.442    16.5937    38.1818     2.4518     5.3120    230.759  0.000e+00
     50.442    16.5985    38.1828     2.4518     5.3109    230.712  0.000e+00
     50.442    16.6033    38.1809     2.4506     5.3065    230.522  0.000e+00
     50.442    16.6045    38.1803     2.4518     5.3094    230.648  0.000e+00
     50.442    16.6059    38.1807     2.4518     5.3088    230.623  0.000e+00
     50.391    16.6072    38.1811     2.4518     5.3082    230.594  0.000e+00
     50.442    16.6091    38.1808     2.4518     5.3075    230.565  0.000e+00
     50.442    16.6100    38.1806     2.4506     5.3032    230.377  0.000e+00
     50.362    16.6124    38.1798     2.4506     5.3023    230.338  0.000e+00
     50.442    16.6136    38.1802     2.4506     5.3015    230.306  0.000e+00
     50.391    16.6147    38.1804     2.4506     5.3010    230.282  0.000e+00
     50.391    16.6161    38.1812     2.4493     5.2964    230.084  0.000e+00
     50.442    16.6189    38.1814     2.4493     5.2954    230.041  0.000e+00
     50.391    16.6228    38.1799     2.4493     5.2940    229.978  0.000e+00
     50.391    16.6249    38.1788     2.4493     5.2927    229.925  0.000e+00
     50.391    16.6254    38.1752     2.4481     5.2884    229.735  0.000e+00
     50.442    16.6215    38.1750     2.4481     5.2878    229.708  0.000e+00
     50.442    16.6177    38.1758     2.4481     5.2871    229.678  0.000e+00
     50.391    16.6153    38.1767     2.4469     5.2825    229.481  0.000e+00
     50.391    16.6138    38.1775     2.4469     5.2816    229.441  0.000e+00
     50.260    16.6127    38.1788     2.4469     5.2806    229.396  0.000e+00
     50.550    16.6125    38.1790     2.4469     5.2798    229.361  0.000e+00
     50.441    16.6143    38.1779     2.4469     5.2786    229.309  0.000e+00
     50.441    16.6152    38.1778     2.4457     5.2739    229.105  0.000e+00
     50.390    16.6153    38.1774     2.4457     5.2726    229.051  0.000e+00
     50.441    16.6154    38.1756     2.4457     5.2715    229.004  0.000e+00
     50.441    16.6148    38.1758     2.4457     5.2705    228.958  0.000e+00
