Data/2022/Day2/ctds/3.cnv
* Sea-Bird SBE 9 Data File:
* FileName = C:\CTD\Mir-MER\ST3_D2.hex
* Software Version Seasave V 7.26.7.121
* Temperature SN = 0809
* Conductivity SN = 3159
* Number of Bytes Per Scan = 24
* Number of Voltage Words = 4
* Number of Scans Averaged by the Deck Unit = 1
** Ship: antedon
** Station: ST3 D2
** Operator:
# nquan = 7
# nvalues = 4745                                  
# units = specified
# name 0 = prDM: Pressure, Digiquartz [db]
# name 1 = t090C: Temperature [ITS-90, deg C]
# name 2 = sal00: Salinity, Practical [PSU]
# name 3 = sbeox0V: Oxygen raw, SBE 43 [V]
# name 4 = sbeox0ML/L: Oxygen, SBE 43 [ml/l]
# name 5 = sbox0Mm/Kg: Oxygen, SBE 43 [umol/kg]
# name 6 = flag:  0.000e+00
# span 0 =     -0.966,     50.661                 
# span 1 =    16.4268,    21.1379                 
# span 2 =    38.0247,    38.2824                 
# span 3 =     2.3761,     2.5129                 
# span 4 =     4.4887,     5.3245                 
# span 5 =    195.209,    231.297                 
# span 6 = 0.0000e+00, 0.0000e+00                 
# interval = seconds: 0.0416667
# start_time = Oct 12 2022 11:06:40 [System UTC, header]
# bad_flag = -9.990e-29
*END*
[from data line 3283]
     34.357    20.5020    38.2203     2.4982     5.0139    218.016  0.000e+00
     34.372    20.5022    38.2206     2.4970     5.0109    217.885  0.000e+00
     34.357    20.5034    38.2223     2.4982     5.0142    218.028  0.000e+00
     34.306    20.5062    38.2237     2.4970     5.0109    217.885  0.000e+00
     34.321    20.5099    38.2254     2.4970     5.0104    217.865  0.000e+00
     34.248    20.5146    38.2258     2.4970     5.0101    217.851  0.000e+00
     34.270    20.5195    38.2257     2.4970     5.0096    217.830  0.000e+00
     34.197    20.5236    38.2238     2.4970     5.0090    217.803  0.000e+00
     34.212    20.5252    38.2232     2.4970     5.0088    217.796  0.000e+00
     34.197    20.5271    38.2253     2.4970     5.0088    217.795  0.000e+00
     34.161    20.5317    38.2258     2.4970     5.0086    217.784  0.000e+00
     34.146    20.5362    38.2245     2.4970     5.0084    217.778  0.000e+00
     34.088    20.5389    38.2227     2.4970     5.0080    217.760  0.000e+00
     34.110    20.5394    38.2217     2.4970     5.0080    217.762  0.000e+00
     34.037    20.5394    38.2223     2.4970     5.0082    217.771  0.000e+00
     34.052    20.5413    38.2232     2.4970     5.0079    217.755  0.000e+00
     34.037    20.5434    38.2233     2.4970     5.0077    217.749  0.000e+00
     33.950    20.5450    38.2234     2.4970     5.0074    217.733  0.000e+00
     33.986    20.5468    38.2229     2.4970     5.0071    217.721  0.000e+00
     33.950    20.5479    38.2226     2.4970     5.0070    217.719  0.000e+00
     33.928    20.5483    38.2228     2.4970     5.0068    217.710  0.000e+00
     33.877    20.5494    38.2233     2.4970     5.0068    217.707  0.000e+00
     33.892    20.5509    38.2236     2.4970     5.0065    217.695  0.000e+00
     33.826    20.5527    38.2248     2.4982     5.0096    217.833  0.000e+00
     33.790    20.5553    38.2257     2.4970     5.0061    217.679  0.000e+00
     33.826    20.5586    38.2264     2.4982     5.0092    217.814  0.000e+00
     33.790    20.5620    38.2264     2.4970     5.0056    217.659  0.000e+00
     33.717    20.5644    38.2262     2.4982     5.0088    217.795  0.000e+00
     33.732    20.5658    38.2253     2.4982     5.0088    217.795  0.000e+00
     33.667    20.5670    38.2246     2.4970     5.0054    217.648  0.000e+00
     33.681    20.5684    38.2244     2.4994     5.0120    217.935  0.000e+00
     33.608    20.5699    38.2235     2.4994     5.0121    217.941  0.000e+00
     33.608    20.5709    38.2226     2.4970     5.0059    217.671  0.000e+00
     33.572    20.5714    38.2230     2.4970     5.0057    217.660  0.000e+00
     33.558    20.5725    38.2228     2.4994     5.0122    217.947  0.000e+00
     33.572    20.5735    38.2232     2.4994     5.0124    217.955  0.000e+00
     33.507    20.5745    38.2223     2.4982     5.0095    217.826  0.000e+00
     33.470    20.5747    38.2231     2.4970     5.0061    217.680  0.000e+00
     33.456    20.5774    38.2223     2.4994     5.0125    217.961  0.000e+00
     33.470    20.5800    38.2210     2.4994     5.0128    217.972  0.000e+00
     33.398    20.5819    38.2207     2.4994     5.0128    217.973  0.000e+00
     33.361    20.5831    38.2208     2.4994     5.0131    217.986  0.000e+00
     33.398    20.5848    38.2206     2.4970     5.0066    217.701  0.000e+00
     33.310    20.5865    38.2203     2.4982     5.0097    217.836  0.000e+00
     33.296    20.5875    38.2202     2.4994     5.0129    217.975  0.000e+00
     33.347    20.5887    38.2203     2.4994     5.0132    217.989  0.000e+00
     33.201    20.5893    38.2202     2.4994     5.0132    217.991  0.000e+00
     33.238    20.5905    38.2203     2.4982     5.0102    217.859  0.000e+00
     33.201    20.5912    38.2210     2.4970     5.0067    217.707  0.000e+00
     33.238    20.5926    38.2220     2.4982     5.0098    217.843  0.000e+00
     33.151    20.5945    38.2225     2.4994     5.0128    217.974  0.000e+00
     33.078    20.5966    38.2228     2.4994     5.0129    217.979  0.000e+00
     33.150    20.5986    38.2219     2.4994     5.0129    217.979  0.000e+00
     33.078    20.5996    38.2216     2.4994     5.0129    217.979  0.000e+00
     33.042    20.6007    38.2219     2.4994     5.0129    217.977  0.000e+00
     33.027    20.6021    38.2222     2.4994     5.0128    217.974  0.000e+00
     32.991    20.6038    38.2215     2.4994     5.0127    217.969  0.000e+00
     32.976    20.6042    38.2221     2.4994     5.0127    217.968  0.000e+00
     32.932    20.6057    38.2216     2.4994     5.0125    217.962  0.000e+00
     32.918    20.6071    38.2213     2.4994     5.0124    217.956  0.000e+00
     32.882    20.6078    38.2208     2.4994     5.0123    217.952  0.000e+00
     32.867    20.6087    38.2200     2.5007     5.0155    218.092  0.000e+00
     32.867    20.6089    38.2200     2.5019     5.0190    218.242  0.000e+00
     32.773    20.6089    38.2200     2.5007     5.0159    218.110  0.000e+00
     32.758    20.6091    38.2194     2.5007     5.0160    218.114  0.000e+00
     32.722    20.6092    38.2193     2.5019     5.0194    218.259  0.000e+00
     32.707    20.6092    38.2208     2.5007     5.0162    218.123  0.000e+00
     32.671    20.6103    38.2208     2.5007     5.0161    218.118  0.000e+00
     32.707    20.6112    38.2210     2.5019     5.0193    218.258  0.000e+00
     32.613    20.6120    38.2210     2.5019     5.0193    218.259  0.000e+00
     32.598    20.6127    38.2212     2.5019     5.0194    218.261  0.000e+00
     32.613    20.6136    38.2205     2.5019     5.0194    218.262  0.000e+00
     32.547    20.6142    38.2211     2.5007     5.0163    218.125  0.000e+00
     32.511    20.6155    38.2219     2.5019     5.0192    218.253  0.000e+00
     32.496    20.6171    38.2211     2.5019     5.0193    218.257  0.000e+00
     32.511    20.6183    38.2211     2.5019     5.0192    218.251  0.000e+00
     32.438    20.6190    38.2202     2.5019     5.0192    218.254  0.000e+00
     32.402    20.6192    38.2210     2.5007     5.0160    218.112  0.000e+00
     32.387    20.6199    38.2207     2.5019     5.0189    218.239  0.000e+00
     32.402    20.6208    38.2209     2.5007     5.0158    218.104  0.000e+00
     32.336    20.6216    38.2212     2.5019     5.0191    218.246  0.000e+00
     32.293    20.6224    38.2209     2.5019     5.0188    218.235  0.000e+00
     32.278    20.6227    38.2210     2.5007     5.0152    218.079  0.000e+00
     32.242    20.6231    38.2214     2.5019     5.0184    218.220  0.000e+00
     32.278    20.6239    38.2218     2.5007     5.0153    218.081  0.000e+00
     32.242    20.6250    38.2212     2.5019     5.0182    218.209  0.000e+00
     32.176    20.6257    38.2222     2.5007     5.0144    218.046  0.000e+00
     32.133    20.6280    38.2232     2.5007     5.0141    218.030  0.000e+00
     32.176    20.6305    38.2231     2.5019     5.0171    218.161  0.000e+00
     32.082    20.6327    38.2221     2.4994     5.0103    217.867  0.000e+00
     32.067    20.6332    38.2223     2.4994     5.0099    217.849  0.000e+00
     32.082    20.6341    38.2215     2.4994     5.0091    217.813  0.000e+00
     32.017    20.6350    38.2214     2.4994     5.0084    217.782  0.000e+00
     31.871    20.6362    38.2258     2.4994     5.0077    217.751  0.000e+00
     32.067    20.6413    38.2274     2.4994     5.0069    217.718  0.000e+00
     31.908    20.6462    38.2276     2.4994     5.0060    217.678  0.000e+00
     31.922    20.6502    38.2279     2.4982     5.0017    217.492  0.000e+00
     31.857    20.6548    38.2244     2.4970     4.9970    217.287  0.000e+00
     31.813    20.6556    38.2188     2.4982     4.9993    217.390  0.000e+00
     31.806    20.6536    38.2205     2.4994     5.0022    217.515  0.000e+00
     31.762    20.6544    38.2228     2.4970     4.9950    217.203  0.000e+00
     31.748    20.6565    38.2203     2.4982     4.9974    217.308  0.000e+00
     31.711    20.6562    38.2178     2.4994     5.0003    217.431  0.000e+00
     31.697    20.6562    38.2231     2.4970     4.9931    217.121  0.000e+00
     31.653    20.6619    38.2283     2.4982     4.9950    217.200  0.000e+00
     31.646    20.6681    38.2318     2.4970     4.9904    217.003  0.000e+00
     31.602    20.6758    38.2314     2.4970     4.9890    216.940  0.000e+00
     31.588    20.6822    38.2291     2.4970     4.9877    216.887  0.000e+00
     31.551    20.6855    38.2277     2.4970     4.9867    216.844  0.000e+00
     31.392    20.6885    38.2263     2.4970     4.9857    216.801  0.000e+00
     31.646    20.6902    38.2255     2.4970     4.9853    216.783  0.000e+00
     31.442    20.6920    38.2252     2.4970     4.9849    216.764  0.000e+00
     31.486    20.6935    38.2248     2.4970     4.9844    216.744  0.000e+00
     31.392    20.6943    38.2245     2.4970     4.9840    216.724  0.000e+00
     31.428    20.6949    38.2262     2.4958     4.9805    216.572  0.000e+00
     31.341    20.6976    38.2280     2.4958     4.9796    216.536  0.000e+00
     31.377    20.7014    38.2283     2.4970     4.9822    216.646  0.000e+00
     31.283    20.7041    38.2269     2.4958     4.9786    216.492  0.000e+00
     31.326    20.7047    38.2257     2.4958     4.9785    216.486  0.000e+00
     31.341    20.7061    38.2271     2.4958     4.9782    216.474  0.000e+00
     31.268    20.7087    38.2277     2.4958     4.9779    216.459  0.000e+00
     31.232    20.7117    38.2262     2.4958     4.9774    216.438  0.000e+00
     31.217    20.7131    38.2253     2.4958     4.9773    216.434  0.000e+00
     31.232    20.7132    38.2242     2.4958     4.9774    216.439  0.000e+00
     31.166    20.7129    38.2250     2.4958     4.9775    216.443  0.000e+00
     31.181    20.7136    38.2251     2.4958     4.9776    216.447  0.000e+00
     31.166    20.7140    38.2250     2.4958     4.9775    216.445  0.000e+00
     31.123    20.7148    38.2248     2.4958     4.9776    216.451  0.000e+00
     31.108    20.7154    38.2240     2.4958     4.9777    216.452  0.000e+00
     31.122    20.7145    38.2246     2.4958     4.9781    216.470  0.000e+00
     31.057    20.7138    38.2255     2.4958     4.9784    216.485  0.000e+00
     31.072    20.7143    38.2254     2.4958     4.9786    216.492  0.000e+00
     31.057    20.7147    38.2262     2.4945     4.9757    216.365  0.000e+00
     31.021    20.7157    38.2267     2.4958     4.9789    216.506  0.000e+00
     31.006    20.7171    38.2248     2.4945     4.9761    216.382  0.000e+00
     31.021    20.7155    38.2212     2.4958     4.9798    216.545  0.000e+00
     31.006    20.7113    38.2221     2.4958     4.9806    216.577  0.000e+00
     30.963    20.7078    38.2244     2.4945     4.9782    216.473  0.000e+00
     30.897    20.7073    38.2262     2.4945     4.9782    216.472  0.000e+00
     30.912    20.7078    38.2253     2.4945     4.9782    216.476  0.000e+00
     30.897    20.7070    38.2249     2.4945     4.9785    216.485  0.000e+00
     30.912    20.7052    38.2267     2.4958     4.9820    216.641  0.000e+00
     30.846    20.7073    38.2280     2.4958     4.9822    216.647  0.000e+00
     30.803    20.7103    38.2277     2.4958     4.9823    216.653  0.000e+00
     30.788    20.7117    38.2269     2.4945     4.9794    216.524  0.000e+00
     30.803    20.7122    38.2266     2.4958     4.9827    216.669  0.000e+00
     30.643    20.7129    38.2246     2.4958     4.9826    216.668  0.000e+00
     30.897    20.7117    38.2248     2.4958     4.9832    216.692  0.000e+00
     30.701    20.7106    38.2246     2.4945     4.9804    216.571  0.000e+00
     30.686    20.7099    38.2254     2.4945     4.9804    216.569  0.000e+00
     30.643    20.7099    38.2256     2.4945     4.9805    216.574  0.000e+00
     30.628    20.7103    38.2261     2.4958     4.9842    216.733  0.000e+00
     30.592    20.7106    38.2253     2.4958     4.9843    216.740  0.000e+00
     30.577    20.7101    38.2242     2.4945     4.9815    216.619  0.000e+00
     30.541    20.7090    38.2233     2.4945     4.9816    216.624  0.000e+00
     30.526    20.7075    38.2245     2.4945     4.9818    216.630  0.000e+00
     30.483    20.7071    38.2258     2.4945     4.9818    216.631  0.000e+00
     30.417    20.7068    38.2245     2.4958     4.9852    216.779  0.000e+00
     30.432    20.7056    38.2295     2.4958     4.9855    216.790  0.000e+00
     30.366    20.7104    38.2343     2.4945     4.9819    216.632  0.000e+00
     30.323    20.7175    38.2340     2.4945     4.9813    216.607  0.000e+00
     30.308    20.7233    38.2321     2.4945     4.9809    216.592  0.000e+00
     30.272    20.7276    38.2239     2.4958     4.9842    216.736  0.000e+00
     30.207    20.7255    38.2200     2.4958     4.9846    216.754  0.000e+00
     30.221    20.7214    38.2231     2.4958     4.9850    216.773  0.000e+00
     30.112    20.7202    38.2282     2.4958     4.9853    216.783  0.000e+00
     30.156    20.7225    38.2274     2.4945     4.9820    216.639  0.000e+00
     30.061    20.7235    38.2245     2.4945     4.9819    216.635  0.000e+00
     30.047    20.7215    38.2218     2.4945     4.9821    216.645  0.000e+00
     30.061    20.7180    38.2271     2.4958     4.9855    216.794  0.000e+00
     29.996    20.7214    38.2296     2.4958     4.9853    216.783  0.000e+00
     29.952    20.7248    38.2310     2.4945     4.9818    216.630  0.000e+00
     29.887    20.7271    38.2294     2.4958     4.9848    216.763  0.000e+00
     29.901    20.7271    38.2303     2.4958     4.9850    216.771  0.000e+00
     29.836    20.7288    38.2291     2.4958     4.9850    216.772  0.000e+00
     29.843    20.7293    38.2298     2.4958     4.9852    216.778  0.000e+00
     29.778    20.7314    38.2314     2.4945     4.9818    216.630  0.000e+00
     29.792    20.7353    38.2310     2.4958     4.9847    216.758  0.000e+00
     29.741    20.7382    38.2285     2.4945     4.9814    216.613  0.000e+00
     29.676    20.7393    38.2273     2.4945     4.9813    216.609  0.000e+00
     29.683    20.7391    38.2272     2.4945     4.9813    216.610  0.000e+00
     29.676    20.7397    38.2269     2.4945     4.9810    216.598  0.000e+00
     29.632    20.7389    38.2269     2.4945     4.9811    216.601  0.000e+00
     29.618    20.7384    38.2270     2.4945     4.9809    216.593  0.000e+00
     29.582    20.7379    38.2267     2.4945     4.9809    216.595  0.000e+00
     29.516    20.7370    38.2269     2.4945     4.9810    216.598  0.000e+00
     29.581    20.7368    38.2267     2.4958     4.9842    216.736  0.000e+00
     29.458    20.7367    38.2279     2.4958     4.9841    216.733  0.000e+00
     29.523    20.7374    38.2290     2.4958     4.9841    216.730  0.000e+00
     29.472    20.7387    38.2293     2.4945     4.9806    216.580  0.000e+00
     29.458    20.7403    38.2280     2.4945     4.9805    216.575  0.000e+00
     29.422    20.7409    38.2276     2.4945     4.9804    216.573  0.000e+00
     29.407    20.7412    38.2278     2.4945     4.9804    216.572  0.000e+00
     29.421    20.7414    38.2277     2.4958     4.9835    216.708  0.000e+00
     29.356    20.7414    38.2276     2.4958     4.9837    216.716  0.000e+00
     29.363    20.7418    38.2277     2.4958     4.9839    216.726  0.000e+00
     29.356    20.7419    38.2272     2.4958     4.9842    216.736  0.000e+00
     29.312    20.7411    38.2279     2.4958     4.9842    216.738  0.000e+00
     29.312    20.7419    38.2291     2.4958     4.9841    216.734  0.000e+00
     29.298    20.7465    38.2303     2.4958     4.9837    216.713  0.000e+00
     29.312    20.7519    38.2336     2.4958     4.9833    216.696  0.000e+00
     29.247    20.7592    38.2328     2.4958     4.9828    216.676  0.000e+00
     29.261    20.7636    38.2316     2.4958     4.9824    216.660  0.000e+00
     29.247    20.7678    38.2316     2.4958     4.9820    216.642  0.000e+00
