Data/2022/Day2/ctds/3.cnv
* Sea-Bird SBE 9 Data File:
* FileName = C:\CTD\Mir-MER\ST3_D2.hex
* Software Version Seasave V 7.26.7.121
* Temperature SN = 0809
* Conductivity SN = 3159
* Number of Bytes Per Scan = 24
* Number of Voltage Words = 4
* Number of Scans Averaged by the Deck Unit = 1
** Ship: antedon
** Station: ST3 D2
** Operator:
# nquan = 7
# nvalues = 4745                                  
# units = specified
# name 0 = prDM: Pressure, Digiquartz [db]
# name 1 = t090C: Temperature [ITS-90, deg C]
# name 2 = sal00: Salinity, Practical [PSU]
# name 3 = sbeox0V: Oxygen raw, SBE 43 [V]
# name 4 = sbeox0ML/L: Oxygen, SBE 43 [ml/l]
# name 5 = sbox0Mm/Kg: Oxygen, SBE 43 [umol/kg]
# name 6 = flag:  0.000e+00
# span 0 =     -0.966,     50.661                 
# span 1 =    16.4268,    21.1379                 
# span 2 =    38.0247,    38.2824                 
# span 3 =     2.3761,     2.5129                 
# span 4 =     4.4887,     5.3245                 
# span 5 =    195.209,    231.297                 
# span 6 = 0.0000e+00, 0.0000e+00                 
# interval = seconds: 0.0416667
# start_time = Oct 12 2022 11:06:40 [System UTC, header]
# bad_flag = -9.990e-29
*END*
[from data line 2257]
     50.441    16.6132    38.1762     2.4457     5.2688    228.883  0.000e+00
     50.441    16.6117    38.1735     2.4457     5.2683    228.863  0.000e+00
     50.441    16.6082    38.1727     2.4457     5.2680    228.851  0.000e+00
     50.499    16.6047    38.1736     2.4445     5.2641    228.682  0.000e+00
     50.441    16.6007    38.1732     2.4445     5.2637    228.662  0.000e+00
     50.470    16.5970    38.1726     2.4445     5.2633    228.647  0.000e+00
     50.499    16.5935    38.1735     2.4445     5.2630    228.630  0.000e+00
     50.499    16.5903    38.1731     2.4445     5.2626    228.616  0.000e+00
     50.499    16.5874    38.1747     2.4445     5.2623    228.601  0.000e+00
     50.499    16.5860    38.1739     2.4445     5.2622    228.597  0.000e+00
     50.499    16.5841    38.1735     2.4445     5.2619    228.585  0.000e+00
     50.499    16.5811    38.1748     2.4445     5.2618    228.579  0.000e+00
     50.499    16.5793    38.1755     2.4445     5.2616    228.570  0.000e+00
     50.499    16.5778    38.1765     2.4457     5.2654    228.734  0.000e+00
     50.550    16.5764    38.1770     2.4457     5.2659    228.756  0.000e+00
     50.499    16.5756    38.1763     2.4457     5.2664    228.777  0.000e+00
     50.550    16.5754    38.1761     2.4457     5.2669    228.800  0.000e+00
     50.419    16.5740    38.1764     2.4457     5.2675    228.825  0.000e+00
     50.601    16.5727    38.1764     2.4457     5.2680    228.849  0.000e+00
     50.550    16.5724    38.1760     2.4457     5.2684    228.864  0.000e+00
     50.550    16.5696    38.1746     2.4457     5.2694    228.909  0.000e+00
     50.499    16.5631    38.1759     2.4457     5.2708    228.967  0.000e+00
     50.550    16.5588    38.1758     2.4469     5.2757    229.182  0.000e+00
     50.550    16.5536    38.1763     2.4469     5.2771    229.241  0.000e+00
     50.499    16.5465    38.1791     2.4469     5.2789    229.319  0.000e+00
     50.550    16.5423    38.1809     2.4469     5.2806    229.390  0.000e+00
     50.550    16.5395    38.1825     2.4481     5.2857    229.614  0.000e+00
     50.550    16.5378    38.1858     2.4469     5.2837    229.528  0.000e+00
     50.499    16.5387    38.1876     2.4481     5.2883    229.724  0.000e+00
     50.550    16.5413    38.1894     2.4481     5.2893    229.770  0.000e+00
     50.520    16.5465    38.1896     2.4481     5.2901    229.805  0.000e+00
     50.549    16.5525    38.1883     2.4481     5.2910    229.842  0.000e+00
     50.499    16.5571    38.1868     2.4481     5.2916    229.871  0.000e+00
     50.549    16.5628    38.1850     2.4481     5.2923    229.900  0.000e+00
     50.549    16.5686    38.1815     2.4493     5.2966    230.087  0.000e+00
     50.499    16.5705    38.1783     2.4493     5.2979    230.145  0.000e+00
     50.499    16.5681    38.1791     2.4493     5.2993    230.205  0.000e+00
     50.549    16.5679    38.1784     2.4493     5.3005    230.258  0.000e+00
     50.440    16.5664    38.1787     2.4493     5.3017    230.310  0.000e+00
     50.549    16.5641    38.1804     2.4493     5.3028    230.356  0.000e+00
     50.498    16.5633    38.1814     2.4493     5.3036    230.392  0.000e+00
     50.498    16.5638    38.1821     2.4493     5.3043    230.422  0.000e+00
     50.498    16.5648    38.1831     2.4493     5.3049    230.448  0.000e+00
     50.520    16.5691    38.1815     2.4493     5.3052    230.462  0.000e+00
     50.440    16.5734    38.1795     2.4493     5.3051    230.460  0.000e+00
     50.498    16.5759    38.1783     2.4493     5.3053    230.468  0.000e+00
     50.498    16.5768    38.1785     2.4493     5.3055    230.477  0.000e+00
     50.498    16.5780    38.1777     2.4493     5.3057    230.485  0.000e+00
     50.498    16.5774    38.1770     2.4493     5.3060    230.500  0.000e+00
     50.498    16.5756    38.1771     2.4493     5.3065    230.518  0.000e+00
     50.498    16.5758    38.1781     2.4493     5.3066    230.523  0.000e+00
     50.440    16.5783    38.1782     2.4493     5.3064    230.516  0.000e+00
     50.549    16.5819    38.1773     2.4506     5.3096    230.654  0.000e+00
     50.440    16.5833    38.1769     2.4506     5.3094    230.646  0.000e+00
     50.498    16.5820    38.1763     2.4506     5.3096    230.654  0.000e+00
     50.469    16.5783    38.1773     2.4506     5.3098    230.665  0.000e+00
     50.498    16.5766    38.1775     2.4506     5.3099    230.667  0.000e+00
     50.498    16.5768    38.1762     2.4506     5.3097    230.660  0.000e+00
     50.440    16.5764    38.1758     2.4506     5.3095    230.649  0.000e+00
     50.498    16.5769    38.1757     2.4506     5.3091    230.634  0.000e+00
     50.498    16.5785    38.1762     2.4493     5.3049    230.451  0.000e+00
     50.498    16.5807    38.1767     2.4493     5.3039    230.409  0.000e+00
     50.498    16.5843    38.1754     2.4493     5.3031    230.374  0.000e+00
     50.440    16.5877    38.1763     2.4493     5.3022    230.333  0.000e+00
     50.498    16.5917    38.1753     2.4493     5.3013    230.295  0.000e+00
     50.440    16.5925    38.1738     2.4493     5.3006    230.266  0.000e+00
     50.498    16.5898    38.1718     2.4493     5.3004    230.257  0.000e+00
     50.498    16.5839    38.1723     2.4481     5.2967    230.098  0.000e+00
     50.469    16.5790    38.1738     2.4493     5.2999    230.234  0.000e+00
     50.498    16.5768    38.1744     2.4481     5.2958    230.055  0.000e+00
     50.440    16.5749    38.1757     2.4469     5.2912    229.857  0.000e+00
     50.440    16.5754    38.1773     2.4469     5.2901    229.808  0.000e+00
     50.498    16.5787    38.1751     2.4469     5.2888    229.754  0.000e+00
     50.498    16.5785    38.1732     2.4457     5.2843    229.555  0.000e+00
     50.440    16.5767    38.1728     2.4457     5.2831    229.506  0.000e+00
     50.439    16.5753    38.1743     2.4457     5.2823    229.468  0.000e+00
     50.439    16.5751    38.1747     2.4457     5.2810    229.413  0.000e+00
     50.498    16.5751    38.1754     2.4457     5.2801    229.372  0.000e+00
     50.439    16.5764    38.1769     2.4457     5.2789    229.322  0.000e+00
     50.439    16.5809    38.1762     2.4457     5.2776    229.264  0.000e+00
     50.468    16.5872    38.1727     2.4445     5.2725    229.045  0.000e+00
     50.439    16.5898    38.1726     2.4445     5.2711    228.983  0.000e+00
     50.439    16.5929    38.1724     2.4445     5.2697    228.922  0.000e+00
     50.388    16.5948    38.1707     2.4432     5.2651    228.724  0.000e+00
     50.439    16.5948    38.1702     2.4432     5.2642    228.683  0.000e+00
     50.439    16.5961    38.1698     2.4432     5.2631    228.638  0.000e+00
     50.388    16.5951    38.1699     2.4432     5.2623    228.603  0.000e+00
     50.439    16.5924    38.1715     2.4420     5.2582    228.422  0.000e+00
     50.388    16.5896    38.1725     2.4420     5.2574    228.387  0.000e+00
     50.439    16.5881    38.1749     2.4420     5.2565    228.351  0.000e+00
     50.388    16.5913    38.1767     2.4420     5.2552    228.294  0.000e+00
     50.439    16.5965    38.1770     2.4420     5.2539    228.236  0.000e+00
     50.359    16.6007    38.1753     2.4420     5.2527    228.186  0.000e+00
     50.388    16.6019    38.1741     2.4408     5.2484    227.996  0.000e+00
     50.439    16.6026    38.1732     2.4420     5.2511    228.117  0.000e+00
     50.337    16.6026    38.1730     2.4420     5.2506    228.092  0.000e+00
     50.388    16.6011    38.1729     2.4408     5.2467    227.924  0.000e+00
     50.388    16.6011    38.1735     2.4408     5.2460    227.895  0.000e+00
     50.388    16.6038    38.1726     2.4420     5.2489    228.019  0.000e+00
     50.388    16.6067    38.1709     2.4420     5.2484    228.000  0.000e+00
     50.388    16.6065    38.1731     2.4420     5.2483    227.992  0.000e+00
     50.337    16.6098    38.1756     2.4420     5.2481    227.983  0.000e+00
     50.388    16.6149    38.1759     2.4420     5.2479    227.975  0.000e+00
     50.388    16.6193    38.1754     2.4420     5.2478    227.975  0.000e+00
     50.308    16.6220    38.1751     2.4420     5.2480    227.982  0.000e+00
     50.388    16.6240    38.1741     2.4420     5.2485    228.002  0.000e+00
     50.388    16.6251    38.1725     2.4432     5.2527    228.187  0.000e+00
     50.388    16.6233    38.1654     2.4432     5.2542    228.251  0.000e+00
     50.337    16.6125    38.1617     2.4432     5.2565    228.352  0.000e+00
     50.388    16.5999    38.1637     2.4432     5.2587    228.446  0.000e+00
     50.388    16.5919    38.1694     2.4432     5.2603    228.514  0.000e+00
     50.337    16.5893    38.1737     2.4432     5.2614    228.561  0.000e+00
     50.388    16.5903    38.1719     2.4432     5.2624    228.606  0.000e+00
     50.388    16.5893    38.1716     2.4432     5.2636    228.660  0.000e+00
     50.388    16.5900    38.1717     2.4432     5.2647    228.707  0.000e+00
     50.388    16.5905    38.1727     2.4432     5.2659    228.757  0.000e+00
     50.257    16.5898    38.1757     2.4445     5.2704    228.953  0.000e+00
     50.497    16.5900    38.1810     2.4445     5.2720    229.021  0.000e+00
     50.388    16.5959    38.1806     2.4432     5.2690    228.892  0.000e+00
     50.438    16.6021    38.1767     2.4445     5.2730    229.066  0.000e+00
     50.388    16.6036    38.1703     2.4445     5.2741    229.117  0.000e+00
     50.388    16.5968    38.1663     2.4445     5.2762    229.205  0.000e+00
     50.438    16.5889    38.1643     2.4445     5.2780    229.284  0.000e+00
     50.438    16.5795    38.1627     2.4445     5.2799    229.369  0.000e+00
     50.387    16.5674    38.1621     2.4445     5.2821    229.464  0.000e+00
     50.438    16.5570    38.1659     2.4445     5.2841    229.547  0.000e+00
     50.438    16.5542    38.1716     2.4445     5.2851    229.591  0.000e+00
     50.438    16.5551    38.1768     2.4445     5.2858    229.620  0.000e+00
     50.438    16.5592    38.1786     2.4445     5.2863    229.641  0.000e+00
     50.467    16.5604    38.1764     2.4457     5.2906    229.827  0.000e+00
     50.438    16.5542    38.1757     2.4457     5.2922    229.897  0.000e+00
     50.387    16.5464    38.1753     2.4445     5.2903    229.815  0.000e+00
     50.547    16.5392    38.1738     2.4457     5.2952    230.028  0.000e+00
     50.438    16.5315    38.1728     2.4445     5.2930    229.930  0.000e+00
     50.438    16.5226    38.1765     2.4445     5.2941    229.979  0.000e+00
     50.496    16.5190    38.1822     2.4445     5.2947    230.002  0.000e+00
     50.496    16.5226    38.1829     2.4457     5.2979    230.142  0.000e+00
     50.438    16.5252    38.1820     2.4457     5.2978    230.140  0.000e+00
     50.438    16.5265    38.1809     2.4457     5.2979    230.145  0.000e+00
     50.496    16.5274    38.1801     2.4457     5.2981    230.151  0.000e+00
     50.496    16.5286    38.1789     2.4457     5.2981    230.153  0.000e+00
     50.416    16.5281    38.1767     2.4457     5.2983    230.161  0.000e+00
     50.438    16.5240    38.1650     2.4457     5.2989    230.189  0.000e+00
     50.496    16.5047    38.1585     2.4457     5.3012    230.290  0.000e+00
     50.438    16.4897    38.1633     2.4457     5.3026    230.350  0.000e+00
     50.438    16.4871    38.1759     2.4457     5.3021    230.326  0.000e+00
     50.438    16.4946    38.1823     2.4457     5.3007    230.264  0.000e+00
     50.438    16.4997    38.1825     2.4457     5.3000    230.233  0.000e+00
     50.438    16.5001    38.1836     2.4457     5.2997    230.221  0.000e+00
     50.387    16.5028    38.1847     2.4457     5.2991    230.195  0.000e+00
     50.438    16.5078    38.1854     2.4457     5.2984    230.161  0.000e+00
     50.438    16.5136    38.1843     2.4457     5.2975    230.123  0.000e+00
     50.387    16.5180    38.1843     2.4457     5.2966    230.086  0.000e+00
     50.307    16.5225    38.1842     2.4457     5.2957    230.047  0.000e+00
     50.496    16.5282    38.1854     2.4457     5.2948    230.006  0.000e+00
     50.387    16.5359    38.1860     2.4457     5.2937    229.960  0.000e+00
     50.387    16.5450    38.1845     2.4457     5.2926    229.913  0.000e+00
     50.387    16.5523    38.1819     2.4457     5.2917    229.876  0.000e+00
     50.387    16.5580    38.1796     2.4457     5.2910    229.843  0.000e+00
     50.387    16.5622    38.1785     2.4457     5.2903    229.815  0.000e+00
     50.387    16.5664    38.1772     2.4457     5.2896    229.786  0.000e+00
     50.336    16.5703    38.1755     2.4457     5.2889    229.757  0.000e+00
     50.387    16.5740    38.1740     2.4445     5.2847    229.572  0.000e+00
     50.336    16.5761    38.1724     2.4445     5.2838    229.537  0.000e+00
     50.387    16.5769    38.1716     2.4445     5.2832    229.508  0.000e+00
     50.387    16.5763    38.1709     2.4445     5.2829    229.498  0.000e+00
     50.357    16.5752    38.1708     2.4445     5.2827    229.488  0.000e+00
     50.386    16.5737    38.1712     2.4445     5.2822    229.467  0.000e+00
     50.386    16.5732    38.1722     2.4445     5.2819    229.453  0.000e+00
     50.386    16.5729    38.1728     2.4445     5.2816    229.438  0.000e+00
     50.386    16.5713    38.1729     2.4445     5.2814    229.430  0.000e+00
     50.386    16.5694    38.1740     2.4432     5.2776    229.264  0.000e+00
     50.386    16.5696    38.1747     2.4432     5.2769    229.234  0.000e+00
     50.386    16.5703    38.1740     2.4420     5.2726    229.048  0.000e+00
     50.437    16.5715    38.1724     2.4432     5.2753    229.166  0.000e+00
     50.386    16.5720    38.1748     2.4420     5.2709    228.975  0.000e+00
     50.386    16.5753    38.1784     2.4420     5.2696    228.918  0.000e+00
     50.437    16.5800    38.1750     2.4420     5.2685    228.868  0.000e+00
     50.415    16.5790    38.1702     2.4408     5.2646    228.700  0.000e+00
     50.437    16.5739    38.1692     2.4408     5.2644    228.694  0.000e+00
     50.437    16.5686    38.1704     2.4408     5.2640    228.673  0.000e+00
     50.437    16.5646    38.1714     2.4408     5.2637    228.662  0.000e+00
     50.437    16.5626    38.1719     2.4396     5.2594    228.473  0.000e+00
     50.437    16.5613    38.1732     2.4396     5.2583    228.427  0.000e+00
     50.437    16.5619    38.1724     2.4396     5.2572    228.378  0.000e+00
     50.495    16.5617    38.1702     2.4396     5.2566    228.352  0.000e+00
     50.437    16.5593    38.1707     2.4396     5.2561    228.330  0.000e+00
     50.437    16.5582    38.1715     2.4383     5.2519    228.149  0.000e+00
     50.495    16.5561    38.1694     2.4383     5.2514    228.127  0.000e+00
     50.437    16.5498    38.1694     2.4383     5.2513    228.121  0.000e+00
     50.415    16.5467    38.1656     2.4383     5.2510    228.110  0.000e+00
     50.437    16.5382    38.1630     2.4371     5.2477    227.967  0.000e+00
     50.495    16.5220    38.1653     2.4371     5.2486    228.003  0.000e+00
     50.437    16.5095    38.1699     2.4359     5.2453    227.860  0.000e+00
     50.386    16.5030    38.1734     2.4359     5.2449    227.842  0.000e+00
     50.437    16.4970    38.1799     2.4359     5.2445    227.824  0.000e+00
     50.437    16.4974    38.1824     2.4359     5.2437    227.785  0.000e+00
     50.437    16.5006    38.1812     2.4359     5.2427    227.744  0.000e+00
     50.386    16.5050    38.1829     2.4359     5.2416    227.696  0.000e+00
     50.386    16.5155    38.1835     2.4359     5.2400    227.628  0.000e+00
     50.386    16.5259    38.1849     2.4347     5.2349    227.405  0.000e+00
     50.386    16.5354    38.1855     2.4347     5.2333    227.337  0.000e+00
     50.357    16.5467    38.1825     2.4347     5.2318    227.271  0.000e+00
     50.335    16.5549    38.1797     2.4347     5.2307    227.224  0.000e+00
