Data/2022/Day2/ctds/3.cnv
* Sea-Bird SBE 9 Data File:
* FileName = C:\CTD\Mir-MER\ST3_D2.hex
* Software Version Seasave V 7.26.7.121
* Temperature SN = 0809
* Conductivity SN = 3159
* Number of Bytes Per Scan = 24
* Number of Voltage Words = 4
* Number of Scans Averaged by the Deck Unit = 1
** Ship: antedon
** Station: ST3 D2
** Operator:
# nquan = 7
# nvalues = 4745                                  
# units = specified
# name 0 = prDM: Pressure, Digiquartz [db]
# name 1 = t090C: Temperature [ITS-90, deg C]
# name 2 = sal00: Salinity, Practical [PSU]
# name 3 = sbeox0V: Oxygen raw, SBE 43 [V]
# name 4 = sbeox0ML/L: Oxygen, SBE 43 [ml/l]
# name 5 = sbox0Mm/Kg: Oxygen, SBE 43 [umol/kg]
# name 6 = flag:  0.000e+00
# span 0 =     -0.966,     50.661                 
# span 1 =    16.4268,    21.1379                 
# span 2 =    38.0247,    38.2824                 
# span 3 =     2.3761,     2.5129                 
# span 4 =     4.4887,     5.3245                 
# span 5 =    195.209,    231.297                 
# span 6 = 0.0000e+00, 0.0000e+00                 
# interval = seconds: 0.0416667
# start_time = Oct 12 2022 11:06:40 [System UTC, header]
# bad_flag = -9.990e-29
*END*
[from data line 411]
      5.064    21.1177    38.2345     2.4725     4.8741    211.970  0.000e+00
      5.064    21.1177    38.2344     2.4737     4.8773    212.110  0.000e+00
      5.064    21.1177    38.2345     2.4737     4.8775    212.116  0.000e+00
      5.064    21.1184    38.2346     2.4737     4.8775    212.119  0.000e+00
      5.114    21.1182    38.2349     2.4737     4.8777    212.128  0.000e+00
      5.114    21.1184    38.2350     2.4737     4.8779    212.133  0.000e+00
      5.107    21.1184    38.2350     2.4737     4.8780    212.139  0.000e+00
      5.165    21.1186    38.2347     2.4737     4.8782    212.147  0.000e+00
      5.165    21.1184    38.2346     2.4737     4.8783    212.154  0.000e+00
      5.165    21.1186    38.2346     2.4737     4.8785    212.160  0.000e+00
      5.223    21.1188    38.2347     2.4737     4.8786    212.167  0.000e+00
      5.223    21.1190    38.2347     2.4737     4.8788    212.173  0.000e+00
      5.274    21.1191    38.2343     2.4737     4.8790    212.181  0.000e+00
      5.274    21.1191    38.2345     2.4737     4.8791    212.187  0.000e+00
      5.325    21.1188    38.2346     2.4737     4.8793    212.196  0.000e+00
      5.325    21.1187    38.2340     2.4737     4.8795    212.204  0.000e+00
      5.267    21.1184    38.2344     2.4737     4.8796    212.209  0.000e+00
      5.485    21.1181    38.2345     2.4737     4.8799    212.223  0.000e+00
      5.434    21.1181    38.2349     2.4750     4.8833    212.369  0.000e+00
      5.434    21.1181    38.2349     2.4750     4.8836    212.384  0.000e+00
      5.485    21.1184    38.2346     2.4750     4.8840    212.399  0.000e+00
      5.543    21.1184    38.2345     2.4750     4.8844    212.416  0.000e+00
      5.543    21.1184    38.2344     2.4750     4.8847    212.430  0.000e+00
      5.593    21.1182    38.2345     2.4750     4.8850    212.445  0.000e+00
      5.593    21.1181    38.2349     2.4750     4.8853    212.459  0.000e+00
      5.644    21.1184    38.2344     2.4750     4.8857    212.472  0.000e+00
      5.702    21.1183    38.2347     2.4750     4.8860    212.487  0.000e+00
      5.702    21.1182    38.2343     2.4750     4.8861    212.490  0.000e+00
      5.746    21.1181    38.2348     2.4750     4.8861    212.493  0.000e+00
      5.753    21.1181    38.2350     2.4750     4.8862    212.494  0.000e+00
      5.804    21.1183    38.2347     2.4750     4.8862    212.495  0.000e+00
      5.862    21.1182    38.2350     2.4750     4.8862    212.496  0.000e+00
      5.862    21.1184    38.2350     2.4737     4.8831    212.362  0.000e+00
      5.964    21.1183    38.2346     2.4750     4.8862    212.497  0.000e+00
      5.913    21.1181    38.2345     2.4737     4.8829    212.353  0.000e+00
      5.964    21.1183    38.2346     2.4750     4.8859    212.484  0.000e+00
      5.964    21.1179    38.2350     2.4737     4.8826    212.340  0.000e+00
      6.073    21.1181    38.2345     2.4737     4.8824    212.330  0.000e+00
      6.022    21.1182    38.2352     2.4737     4.8820    212.314  0.000e+00
      6.073    21.1181    38.2347     2.4737     4.8818    212.304  0.000e+00
      6.014    21.1181    38.2348     2.4737     4.8814    212.288  0.000e+00
      6.232    21.1181    38.2348     2.4737     4.8812    212.280  0.000e+00
      6.123    21.1181    38.2348     2.4737     4.8808    212.263  0.000e+00
      6.181    21.1179    38.2349     2.4737     4.8808    212.259  0.000e+00
      6.181    21.1181    38.2348     2.4737     4.8806    212.253  0.000e+00
      6.232    21.1184    38.2344     2.4737     4.8805    212.249  0.000e+00
      6.232    21.1186    38.2349     2.4737     4.8804    212.242  0.000e+00
      6.181    21.1188    38.2349     2.4737     4.8800    212.225  0.000e+00
      6.283    21.1188    38.2346     2.4737     4.8799    212.222  0.000e+00
      6.283    21.1190    38.2348     2.4737     4.8795    212.206  0.000e+00
      6.283    21.1193    38.2348     2.4737     4.8794    212.199  0.000e+00
      6.283    21.1191    38.2347     2.4737     4.8792    212.193  0.000e+00
      6.334    21.1193    38.2344     2.4737     4.8791    212.189  0.000e+00
      6.283    21.1191    38.2346     2.4737     4.8790    212.182  0.000e+00
      6.334    21.1193    38.2346     2.4737     4.8788    212.176  0.000e+00
      6.334    21.1193    38.2345     2.4737     4.8787    212.170  0.000e+00
      6.392    21.1190    38.2344     2.4737     4.8786    212.167  0.000e+00
      6.334    21.1186    38.2344     2.4725     4.8752    212.019  0.000e+00
      6.392    21.1184    38.2349     2.4725     4.8749    212.005  0.000e+00
      6.392    21.1186    38.2344     2.4737     4.8778    212.133  0.000e+00
      6.334    21.1184    38.2347     2.4737     4.8777    212.126  0.000e+00
      6.392    21.1184    38.2348     2.4737     4.8776    212.122  0.000e+00
      6.392    21.1184    38.2350     2.4737     4.8775    212.117  0.000e+00
      6.392    21.1188    38.2348     2.4737     4.8773    212.110  0.000e+00
      6.443    21.1186    38.2347     2.4737     4.8773    212.107  0.000e+00
      6.392    21.1187    38.2348     2.4725     4.8738    211.958  0.000e+00
      6.392    21.1190    38.2341     2.4725     4.8735    211.944  0.000e+00
      6.443    21.1188    38.2343     2.4737     4.8767    212.084  0.000e+00
      6.392    21.1187    38.2350     2.4725     4.8735    211.945  0.000e+00
      6.443    21.1191    38.2343     2.4725     4.8735    211.942  0.000e+00
      6.443    21.1190    38.2348     2.4725     4.8734    211.940  0.000e+00
      6.443    21.1188    38.2344     2.4725     4.8734    211.940  0.000e+00
      6.493    21.1187    38.2345     2.4713     4.8702    211.798  0.000e+00
      6.443    21.1190    38.2349     2.4725     4.8732    211.929  0.000e+00
      6.443    21.1190    38.2345     2.4725     4.8732    211.930  0.000e+00
      6.493    21.1188    38.2347     2.4725     4.8733    211.934  0.000e+00
      6.552    21.1187    38.2346     2.4725     4.8734    211.939  0.000e+00
      6.493    21.1190    38.2345     2.4725     4.8734    211.940  0.000e+00
      6.552    21.1191    38.2344     2.4725     4.8735    211.945  0.000e+00
      6.602    21.1190    38.2340     2.4725     4.8737    211.952  0.000e+00
      6.552    21.1187    38.2343     2.4725     4.8738    211.957  0.000e+00
      6.602    21.1188    38.2347     2.4725     4.8738    211.955  0.000e+00
      6.653    21.1186    38.2346     2.4713     4.8707    211.822  0.000e+00
      6.653    21.1186    38.2348     2.4725     4.8737    211.953  0.000e+00
      6.704    21.1189    38.2345     2.4725     4.8739    211.962  0.000e+00
      6.653    21.1188    38.2350     2.4725     4.8739    211.960  0.000e+00
      6.762    21.1190    38.2347     2.4713     4.8707    211.820  0.000e+00
      6.762    21.1191    38.2349     2.4725     4.8737    211.953  0.000e+00
      6.813    21.1193    38.2347     2.4713     4.8705    211.813  0.000e+00
      6.813    21.1191    38.2344     2.4725     4.8736    211.949  0.000e+00
      6.871    21.1193    38.2345     2.4725     4.8737    211.952  0.000e+00
      6.871    21.1191    38.2350     2.4725     4.8738    211.955  0.000e+00
      6.972    21.1193    38.2343     2.4725     4.8739    211.961  0.000e+00
      6.922    21.1191    38.2346     2.4725     4.8739    211.963  0.000e+00
      7.030    21.1195    38.2343     2.4725     4.8741    211.969  0.000e+00
      7.030    21.1193    38.2347     2.4725     4.8742    211.973  0.000e+00
      7.081    21.1193    38.2348     2.4725     4.8743    211.979  0.000e+00
      7.132    21.1196    38.2345     2.4725     4.8744    211.984  0.000e+00
      7.190    21.1193    38.2350     2.4725     4.8746    211.992  0.000e+00
      7.132    21.1195    38.2344     2.4725     4.8747    211.996  0.000e+00
      7.241    21.1191    38.2345     2.4725     4.8749    212.006  0.000e+00
      7.132    21.1191    38.2344     2.4725     4.8750    212.010  0.000e+00
      7.451    21.1191    38.2341     2.4725     4.8754    212.026  0.000e+00
      7.292    21.1186    38.2346     2.4725     4.8755    212.030  0.000e+00
      7.350    21.1186    38.2348     2.4725     4.8757    212.039  0.000e+00
      7.401    21.1188    38.2348     2.4725     4.8759    212.047  0.000e+00
      7.451    21.1187    38.2346     2.4737     4.8792    212.190  0.000e+00
      7.451    21.1190    38.2345     2.4725     4.8761    212.055  0.000e+00
      7.451    21.1190    38.2351     2.4737     4.8795    212.204  0.000e+00
      7.560    21.1193    38.2350     2.4737     4.8799    212.223  0.000e+00
      7.560    21.1194    38.2351     2.4737     4.8803    212.239  0.000e+00
      7.509    21.1196    38.2345     2.4737     4.8807    212.255  0.000e+00
      7.611    21.1196    38.2348     2.4737     4.8811    212.275  0.000e+00
      7.611    21.1198    38.2346     2.4725     4.8782    212.149  0.000e+00
      7.611    21.1198    38.2347     2.4737     4.8815    212.290  0.000e+00
      7.669    21.1200    38.2344     2.4737     4.8817    212.299  0.000e+00
      7.669    21.1196    38.2347     2.4737     4.8821    212.317  0.000e+00
      7.669    21.1198    38.2350     2.4737     4.8822    212.323  0.000e+00
      7.720    21.1200    38.2353     2.4737     4.8824    212.330  0.000e+00
      7.720    21.1203    38.2345     2.4737     4.8825    212.336  0.000e+00
      7.771    21.1203    38.2351     2.4737     4.8827    212.342  0.000e+00
      7.720    21.1205    38.2346     2.4737     4.8826    212.337  0.000e+00
      7.771    21.1205    38.2351     2.4737     4.8827    212.343  0.000e+00
      7.829    21.1209    38.2350     2.4737     4.8828    212.348  0.000e+00
      7.771    21.1209    38.2350     2.4737     4.8829    212.351  0.000e+00
      7.713    21.1209    38.2349     2.4737     4.8829    212.353  0.000e+00
      7.930    21.1209    38.2347     2.4750     4.8864    212.504  0.000e+00
      7.829    21.1209    38.2343     2.4737     4.8833    212.372  0.000e+00
      7.829    21.1205    38.2345     2.4737     4.8834    212.375  0.000e+00
      7.829    21.1203    38.2347     2.4737     4.8835    212.378  0.000e+00
      7.829    21.1203    38.2346     2.4737     4.8835    212.379  0.000e+00
      7.880    21.1202    38.2348     2.4737     4.8834    212.373  0.000e+00
      7.880    21.1203    38.2341     2.4737     4.8834    212.374  0.000e+00
      7.880    21.1200    38.2348     2.4750     4.8867    212.516  0.000e+00
      7.880    21.1200    38.2347     2.4737     4.8836    212.382  0.000e+00
      7.880    21.1198    38.2347     2.4737     4.8834    212.372  0.000e+00
      7.930    21.1202    38.2345     2.4737     4.8833    212.371  0.000e+00
      7.880    21.1202    38.2344     2.4737     4.8830    212.358  0.000e+00
      7.930    21.1198    38.2350     2.4737     4.8830    212.356  0.000e+00
      7.880    21.1202    38.2343     2.4737     4.8829    212.351  0.000e+00
      7.930    21.1202    38.2343     2.4737     4.8828    212.349  0.000e+00
      7.981    21.1202    38.2342     2.4737     4.8827    212.346  0.000e+00
      7.930    21.1196    38.2348     2.4737     4.8826    212.342  0.000e+00
      7.981    21.1200    38.2346     2.4737     4.8825    212.337  0.000e+00
      7.981    21.1198    38.2344     2.4737     4.8824    212.332  0.000e+00
      7.981    21.1190    38.2349     2.4737     4.8824    212.329  0.000e+00
      7.981    21.1191    38.2349     2.4737     4.8822    212.323  0.000e+00
      8.039    21.1196    38.2347     2.4725     4.8788    212.174  0.000e+00
      8.039    21.1198    38.2344     2.4725     4.8784    212.158  0.000e+00
      8.090    21.1195    38.2341     2.4725     4.8781    212.145  0.000e+00
      8.090    21.1191    38.2338     2.4713     4.8746    211.990  0.000e+00
      8.090    21.1177    38.2343     2.4713     4.8741    211.970  0.000e+00
      8.141    21.1168    38.2346     2.4713     4.8737    211.950  0.000e+00
      8.199    21.1163    38.2347     2.4713     4.8732    211.930  0.000e+00
      8.199    21.1161    38.2347     2.4713     4.8727    211.907  0.000e+00
      8.250    21.1158    38.2348     2.4713     4.8724    211.897  0.000e+00
      8.250    21.1156    38.2346     2.4713     4.8719    211.876  0.000e+00
      8.250    21.1154    38.2346     2.4701     4.8684    211.722  0.000e+00
      8.359    21.1154    38.2349     2.4701     4.8680    211.704  0.000e+00
      8.359    21.1153    38.2348     2.4701     4.8676    211.686  0.000e+00
      8.359    21.1151    38.2353     2.4689     4.8639    211.526  0.000e+00
      8.409    21.1154    38.2348     2.4689     4.8633    211.501  0.000e+00
      8.460    21.1151    38.2353     2.4689     4.8626    211.469  0.000e+00
      8.518    21.1151    38.2350     2.4689     4.8621    211.448  0.000e+00
      8.518    21.1153    38.2349     2.4689     4.8616    211.427  0.000e+00
      8.518    21.1151    38.2352     2.4689     4.8612    211.407  0.000e+00
      8.620    21.1153    38.2350     2.4689     4.8608    211.391  0.000e+00
      8.620    21.1154    38.2351     2.4689     4.8604    211.373  0.000e+00
      8.678    21.1160    38.2349     2.4689     4.8600    211.358  0.000e+00
      8.678    21.1165    38.2351     2.4676     4.8564    211.200  0.000e+00
      8.779    21.1170    38.2351     2.4689     4.8592    211.322  0.000e+00
      8.779    21.1168    38.2350     2.4689     4.8590    211.312  0.000e+00
      8.779    21.1173    38.2347     2.4689     4.8587    211.302  0.000e+00
      8.838    21.1181    38.2350     2.4689     4.8585    211.293  0.000e+00
      8.888    21.1184    38.2351     2.4689     4.8584    211.287  0.000e+00
      8.939    21.1188    38.2349     2.4689     4.8585    211.292  0.000e+00
      8.939    21.1191    38.2343     2.4689     4.8585    211.290  0.000e+00
      8.939    21.1191    38.2348     2.4689     4.8584    211.288  0.000e+00
      9.048    21.1194    38.2347     2.4689     4.8585    211.291  0.000e+00
      8.997    21.1195    38.2349     2.4689     4.8585    211.291  0.000e+00
      9.048    21.1193    38.2349     2.4689     4.8586    211.297  0.000e+00
      9.048    21.1194    38.2341     2.4689     4.8588    211.303  0.000e+00
      9.157    21.1193    38.2348     2.4689     4.8592    211.322  0.000e+00
      9.099    21.1193    38.2344     2.4689     4.8594    211.330  0.000e+00
      9.099    21.1191    38.2344     2.4689     4.8596    211.340  0.000e+00
      9.157    21.1193    38.2349     2.4689     4.8599    211.352  0.000e+00
      9.157    21.1191    38.2350     2.4689     4.8602    211.366  0.000e+00
      9.208    21.1193    38.2350     2.4689     4.8606    211.382  0.000e+00
      9.157    21.1196    38.2351     2.4689     4.8609    211.395  0.000e+00
      9.208    21.1198    38.2352     2.4689     4.8613    211.414  0.000e+00
      9.208    21.1200    38.2347     2.4689     4.8618    211.433  0.000e+00
      9.208    21.1198    38.2343     2.4689     4.8623    211.455  0.000e+00
      9.208    21.1193    38.2347     2.4689     4.8628    211.479  0.000e+00
      9.258    21.1189    38.2345     2.4701     4.8667    211.648  0.000e+00
      9.208    21.1188    38.2347     2.4689     4.8642    211.540  0.000e+00
      9.258    21.1188    38.2346     2.4689     4.8649    211.568  0.000e+00
      9.258    21.1186    38.2343     2.4689     4.8653    211.588  0.000e+00
      9.208    21.1184    38.2347     2.4689     4.8657    211.606  0.000e+00
      9.258    21.1188    38.2345     2.4689     4.8662    211.627  0.000e+00
      9.258    21.1190    38.2347     2.4701     4.8698    211.781  0.000e+00
      9.258    21.1189    38.2348     2.4689     4.8670    211.661  0.000e+00
      9.258    21.1188    38.2345     2.4689     4.8673    211.676  0.000e+00
      9.208    21.1188    38.2344     2.4689     4.8676    211.689  0.000e+00
      9.258    21.1190    38.2346     2.4701     4.8713    211.847  0.000e+00
