Data/2022/Day2/ctds/4.cnv
* Sea-Bird SBE 9 Data File:
* FileName = C:\CTD\Mir-MER\ST4_D2.hex
* Software Version Seasave V 7.26.7.121
* Temperature SN = 0809
* Conductivity SN = 3159
* Number of Bytes Per Scan = 24
* Number of Voltage Words = 4
* Number of Scans Averaged by the Deck Unit = 1
** Ship: antedon
** Station: ST4 D2
** Operator: AJM
# nquan = 7
# nvalues = 3341                                  
# units = specified
# name 0 = prDM: Pressure, Digiquartz [db]
# name 1 = t090C: Temperature [ITS-90, deg C]
# name 2 = sal00: Salinity, Practical [PSU]
# name 3 = sbeox0V: Oxygen raw, SBE 43 [V]
# name 4 = sbeox0ML/L: Oxygen, SBE 43 [ml/l]
# name 5 = sbox0Mm/Kg: Oxygen, SBE 43 [umol/kg]
# name 6 = flag:  0.000e+00
# span 0 =     -0.929,     28.648                 
# span 1 =    21.0173,    21.1448                 
# span 2 =     4.5331,    38.2473                 
# span 3 =     2.2894,     2.5678                 
# span 4 =     4.3076,     6.3726                 
# span 5 =    187.335,    284.024                 
# span 6 = 0.0000e+00, 0.0000e+00                 
# interval = seconds: 0.0416667
# start_time = Oct 12 2022 11:26:05 [System UTC, header]
# bad_flag = -9.990e-29
*END*
[from data line 2257]
     15.573    21.0666    38.2428     2.4872     4.9175    213.851  0.000e+00
     15.515    21.0664    38.2433     2.4872     4.9175    213.851  0.000e+00
     15.566    21.0669    38.2430     2.4872     4.9177    213.862  0.000e+00
     15.464    21.0669    38.2431     2.4872     4.9179    213.872  0.000e+00
     15.464    21.0671    38.2432     2.4872     4.9182    213.885  0.000e+00
     15.464    21.0668    38.2428     2.4872     4.9184    213.892  0.000e+00
     15.413    21.0664    38.2429     2.4872     4.9185    213.898  0.000e+00
     15.413    21.0666    38.2432     2.4872     4.9187    213.904  0.000e+00
     15.413    21.0669    38.2429     2.4872     4.9191    213.920  0.000e+00
     15.355    21.0666    38.2431     2.4872     4.9192    213.929  0.000e+00
     15.355    21.0665    38.2424     2.4872     4.9197    213.949  0.000e+00
     15.304    21.0659    38.2423     2.4872     4.9200    213.961  0.000e+00
     15.253    21.0652    38.2427     2.4872     4.9203    213.973  0.000e+00
     15.253    21.0652    38.2428     2.4872     4.9206    213.986  0.000e+00
     15.253    21.0650    38.2429     2.4872     4.9209    213.999  0.000e+00
     15.195    21.0652    38.2430     2.4872     4.9211    214.010  0.000e+00
     15.195    21.0654    38.2430     2.4872     4.9212    214.015  0.000e+00
     15.144    21.0654    38.2428     2.4872     4.9215    214.029  0.000e+00
     15.144    21.0656    38.2429     2.4872     4.9217    214.034  0.000e+00
     15.093    21.0656    38.2430     2.4872     4.9218    214.039  0.000e+00
     15.093    21.0654    38.2430     2.4872     4.9220    214.047  0.000e+00
     15.035    21.0654    38.2431     2.4872     4.9221    214.052  0.000e+00
     15.035    21.0656    38.2436     2.4860     4.9190    213.916  0.000e+00
     14.984    21.0662    38.2436     2.4860     4.9188    213.911  0.000e+00
     14.876    21.0673    38.2452     2.4860     4.9186    213.902  0.000e+00
     15.144    21.0710    38.2451     2.4872     4.9218    214.038  0.000e+00
     14.934    21.0731    38.2441     2.4860     4.9184    213.893  0.000e+00
     14.934    21.0734    38.2436     2.4860     4.9182    213.885  0.000e+00
     14.934    21.0738    38.2431     2.4860     4.9181    213.877  0.000e+00
     14.875    21.0740    38.2430     2.4860     4.9178    213.868  0.000e+00
     14.875    21.0738    38.2432     2.4860     4.9177    213.862  0.000e+00
     14.875    21.0747    38.2450     2.4860     4.9174    213.850  0.000e+00
     14.825    21.0785    38.2460     2.4860     4.9169    213.826  0.000e+00
     14.825    21.0819    38.2452     2.4860     4.9165    213.809  0.000e+00
     14.774    21.0833    38.2434     2.4860     4.9163    213.800  0.000e+00
     14.825    21.0831    38.2433     2.4860     4.9162    213.797  0.000e+00
     14.774    21.0838    38.2431     2.4860     4.9160    213.789  0.000e+00
     14.774    21.0840    38.2427     2.4860     4.9159    213.785  0.000e+00
     14.716    21.0839    38.2433     2.4860     4.9158    213.780  0.000e+00
     14.665    21.0849    38.2431     2.4860     4.9156    213.772  0.000e+00
     14.716    21.0854    38.2429     2.4860     4.9155    213.769  0.000e+00
     14.716    21.0851    38.2419     2.4860     4.9155    213.769  0.000e+00
     14.614    21.0833    38.2414     2.4860     4.9156    213.772  0.000e+00
     14.716    21.0810    38.2427     2.4860     4.9158    213.781  0.000e+00
     14.563    21.0810    38.2428     2.4860     4.9157    213.775  0.000e+00
     14.665    21.0812    38.2419     2.4860     4.9157    213.778  0.000e+00
     14.563    21.0803    38.2419     2.4860     4.9158    213.778  0.000e+00
     14.614    21.0806    38.2430     2.4860     4.9157    213.777  0.000e+00
     14.505    21.0819    38.2427     2.4860     4.9156    213.770  0.000e+00
     14.505    21.0813    38.2407     2.4860     4.9157    213.775  0.000e+00
     14.563    21.0790    38.2409     2.4860     4.9160    213.787  0.000e+00
     14.454    21.0780    38.2409     2.4860     4.9160    213.789  0.000e+00
     14.505    21.0775    38.2415     2.4860     4.9161    213.794  0.000e+00
     14.454    21.0773    38.2435     2.4860     4.9161    213.793  0.000e+00
     14.505    21.0787    38.2433     2.4860     4.9161    213.792  0.000e+00
     14.403    21.0790    38.2433     2.4860     4.9161    213.791  0.000e+00
     14.403    21.0792    38.2430     2.4872     4.9194    213.936  0.000e+00
     14.403    21.0796    38.2429     2.4860     4.9164    213.805  0.000e+00
     14.396    21.0801    38.2438     2.4872     4.9197    213.948  0.000e+00
     14.294    21.0810    38.2428     2.4860     4.9166    213.814  0.000e+00
     14.345    21.0812    38.2425     2.4860     4.9167    213.819  0.000e+00
     14.294    21.0815    38.2432     2.4860     4.9167    213.820  0.000e+00
     14.294    21.0817    38.2435     2.4860     4.9168    213.824  0.000e+00
     14.243    21.0817    38.2426     2.4860     4.9169    213.829  0.000e+00
     14.294    21.0813    38.2419     2.4860     4.9171    213.838  0.000e+00
     14.185    21.0803    38.2423     2.4860     4.9173    213.845  0.000e+00
     14.134    21.0805    38.2426     2.4860     4.9174    213.849  0.000e+00
     14.236    21.0806    38.2428     2.4860     4.9176    213.858  0.000e+00
     14.134    21.0806    38.2428     2.4860     4.9177    213.863  0.000e+00
     14.134    21.0805    38.2424     2.4848     4.9146    213.729  0.000e+00
     14.084    21.0805    38.2426     2.4848     4.9146    213.727  0.000e+00
     14.083    21.0805    38.2426     2.4860     4.9176    213.860  0.000e+00
     14.134    21.0803    38.2420     2.4860     4.9177    213.862  0.000e+00
     14.025    21.0800    38.2423     2.4860     4.9176    213.860  0.000e+00
     14.025    21.0796    38.2428     2.4848     4.9146    213.727  0.000e+00
     13.975    21.0799    38.2435     2.4848     4.9143    213.715  0.000e+00
     14.025    21.0801    38.2433     2.4848     4.9141    213.707  0.000e+00
     14.025    21.0803    38.2428     2.4848     4.9140    213.699  0.000e+00
     13.924    21.0800    38.2430     2.4848     4.9137    213.690  0.000e+00
     13.974    21.0796    38.2425     2.4848     4.9136    213.686  0.000e+00
     13.924    21.0790    38.2429     2.4848     4.9135    213.680  0.000e+00
     13.924    21.0790    38.2420     2.4848     4.9134    213.674  0.000e+00
     13.924    21.0778    38.2419     2.4835     4.9101    213.531  0.000e+00
     13.866    21.0773    38.2433     2.4848     4.9130    213.657  0.000e+00
     13.866    21.0792    38.2433     2.4848     4.9127    213.645  0.000e+00
     13.706    21.0803    38.2430     2.4835     4.9091    213.490  0.000e+00
     13.916    21.0805    38.2416     2.4835     4.9090    213.484  0.000e+00
     13.815    21.0803    38.2410     2.4835     4.9087    213.470  0.000e+00
     13.764    21.0801    38.2414     2.4835     4.9084    213.458  0.000e+00
     13.815    21.0792    38.2412     2.4835     4.9083    213.452  0.000e+00
     13.764    21.0780    38.2420     2.4835     4.9081    213.444  0.000e+00
     13.764    21.0777    38.2422     2.4835     4.9079    213.436  0.000e+00
     13.706    21.0780    38.2415     2.4835     4.9077    213.426  0.000e+00
     13.764    21.0768    38.2412     2.4835     4.9076    213.425  0.000e+00
     13.655    21.0759    38.2419     2.4835     4.9075    213.418  0.000e+00
     13.604    21.0752    38.2424     2.4835     4.9074    213.412  0.000e+00
     13.756    21.0750    38.2433     2.4835     4.9073    213.410  0.000e+00
     13.655    21.0761    38.2436     2.4835     4.9070    213.399  0.000e+00
     13.604    21.0775    38.2434     2.4835     4.9068    213.388  0.000e+00
     13.604    21.0782    38.2434     2.4823     4.9034    213.240  0.000e+00
     13.546    21.0787    38.2421     2.4823     4.9031    213.227  0.000e+00
     13.546    21.0782    38.2423     2.4835     4.9062    213.361  0.000e+00
     13.546    21.0778    38.2425     2.4823     4.9029    213.220  0.000e+00
     13.495    21.0784    38.2429     2.4823     4.9027    213.208  0.000e+00
     13.546    21.0789    38.2434     2.4823     4.9025    213.200  0.000e+00
     13.444    21.0790    38.2432     2.4823     4.9025    213.201  0.000e+00
     13.386    21.0790    38.2431     2.4823     4.9024    213.195  0.000e+00
     13.444    21.0792    38.2426     2.4811     4.8993    213.061  0.000e+00
     13.386    21.0794    38.2433     2.4811     4.8990    213.047  0.000e+00
     13.335    21.0801    38.2434     2.4811     4.8987    213.034  0.000e+00
     13.335    21.0805    38.2433     2.4811     4.8985    213.026  0.000e+00
     13.284    21.0808    38.2430     2.4811     4.8983    213.018  0.000e+00
     13.226    21.0808    38.2430     2.4811     4.8981    213.012  0.000e+00
     13.226    21.0813    38.2425     2.4811     4.8981    213.008  0.000e+00
     13.226    21.0812    38.2421     2.4811     4.8981    213.008  0.000e+00
     13.175    21.0808    38.2408     2.4811     4.8981    213.011  0.000e+00
     13.125    21.0792    38.2407     2.4811     4.8983    213.017  0.000e+00
     13.066    21.0775    38.2419     2.4799     4.8952    212.882  0.000e+00
     13.066    21.0778    38.2416     2.4799     4.8948    212.868  0.000e+00
     13.016    21.0771    38.2414     2.4811     4.8979    213.000  0.000e+00
     13.016    21.0761    38.2422     2.4811     4.8981    213.011  0.000e+00
     12.965    21.0766    38.2424     2.4811     4.8983    213.017  0.000e+00
     12.965    21.0766    38.2430     2.4811     4.8985    213.027  0.000e+00
     12.907    21.0770    38.2431     2.4811     4.8985    213.027  0.000e+00
     12.856    21.0778    38.2435     2.4811     4.8985    213.026  0.000e+00
     12.856    21.0792    38.2436     2.4811     4.8985    213.026  0.000e+00
     12.805    21.0801    38.2423     2.4811     4.8985    213.029  0.000e+00
     12.805    21.0796    38.2430     2.4811     4.8987    213.038  0.000e+00
     12.805    21.0801    38.2435     2.4811     4.8989    213.044  0.000e+00
     12.645    21.0808    38.2435     2.4811     4.8990    213.047  0.000e+00
     12.747    21.0815    38.2437     2.4811     4.8992    213.058  0.000e+00
     12.696    21.0819    38.2434     2.4811     4.8992    213.058  0.000e+00
     12.645    21.0826    38.2430     2.4811     4.8994    213.068  0.000e+00
     12.645    21.0829    38.2433     2.4811     4.8997    213.080  0.000e+00
     12.594    21.0841    38.2430     2.4811     4.8997    213.080  0.000e+00
     12.594    21.0845    38.2433     2.4823     4.9031    213.227  0.000e+00
     12.536    21.0845    38.2436     2.4811     4.9001    213.099  0.000e+00
     12.536    21.0849    38.2432     2.4811     4.9003    213.106  0.000e+00
     12.536    21.0849    38.2425     2.4823     4.9038    213.257  0.000e+00
     12.485    21.0840    38.2421     2.4811     4.9010    213.136  0.000e+00
     12.485    21.0821    38.2421     2.4811     4.9014    213.153  0.000e+00
     12.485    21.0808    38.2423     2.4823     4.9050    213.310  0.000e+00
     12.435    21.0808    38.2427     2.4811     4.9021    213.186  0.000e+00
     12.434    21.0808    38.2432     2.4811     4.9024    213.196  0.000e+00
     12.434    21.0808    38.2435     2.4811     4.9027    213.208  0.000e+00
     12.376    21.0813    38.2435     2.4811     4.9029    213.218  0.000e+00
     12.434    21.0813    38.2428     2.4811     4.9033    213.234  0.000e+00
     12.376    21.0803    38.2422     2.4811     4.9037    213.252  0.000e+00
     12.326    21.0787    38.2420     2.4811     4.9039    213.263  0.000e+00
     12.376    21.0777    38.2415     2.4811     4.9042    213.275  0.000e+00
     12.325    21.0757    38.2426     2.4823     4.9080    213.438  0.000e+00
     12.325    21.0752    38.2430     2.4823     4.9084    213.456  0.000e+00
     12.275    21.0756    38.2434     2.4823     4.9087    213.469  0.000e+00
     12.325    21.0757    38.2434     2.4811     4.9058    213.343  0.000e+00
     12.275    21.0762    38.2435     2.4811     4.9059    213.347  0.000e+00
     12.275    21.0770    38.2435     2.4811     4.9060    213.352  0.000e+00
     12.217    21.0773    38.2435     2.4811     4.9059    213.347  0.000e+00
     12.275    21.0775    38.2435     2.4811     4.9058    213.346  0.000e+00
     12.217    21.0778    38.2432     2.4811     4.9058    213.343  0.000e+00
     12.216    21.0777    38.2438     2.4811     4.9057    213.341  0.000e+00
     12.216    21.0784    38.2437     2.4811     4.9056    213.336  0.000e+00
     12.166    21.0787    38.2437     2.4811     4.9055    213.332  0.000e+00
     12.216    21.0794    38.2443     2.4811     4.9054    213.329  0.000e+00
     12.166    21.0811    38.2442     2.4811     4.9052    213.319  0.000e+00
     12.166    21.0824    38.2435     2.4811     4.9051    213.314  0.000e+00
     12.115    21.0829    38.2435     2.4811     4.9050    213.309  0.000e+00
     12.115    21.0829    38.2432     2.4811     4.9047    213.298  0.000e+00
     12.115    21.0829    38.2427     2.4811     4.9045    213.287  0.000e+00
     12.115    21.0824    38.2424     2.4811     4.9045    213.287  0.000e+00
     12.057    21.0821    38.2426     2.4811     4.9044    213.285  0.000e+00
     12.057    21.0819    38.2437     2.4811     4.9043    213.281  0.000e+00
     12.057    21.0824    38.2432     2.4811     4.9043    213.278  0.000e+00
     12.006    21.0826    38.2424     2.4811     4.9042    213.275  0.000e+00
     12.057    21.0813    38.2418     2.4811     4.9043    213.279  0.000e+00
     11.955    21.0801    38.2428     2.4811     4.9043    213.278  0.000e+00
     11.955    21.0803    38.2432     2.4811     4.9042    213.274  0.000e+00
     11.955    21.0801    38.2428     2.4811     4.9042    213.273  0.000e+00
     11.897    21.0789    38.2433     2.4811     4.9042    213.274  0.000e+00
     11.955    21.0801    38.2470     2.4811     4.9039    213.263  0.000e+00
     11.846    21.0856    38.2442     2.4811     4.9034    213.240  0.000e+00
     11.897    21.0862    38.2429     2.4811     4.9034    213.239  0.000e+00
     11.846    21.0866    38.2448     2.4811     4.9032    213.231  0.000e+00
     11.795    21.0889    38.2456     2.4811     4.9029    213.217  0.000e+00
     11.795    21.0915    38.2452     2.4811     4.9026    213.205  0.000e+00
     11.737    21.0938    38.2447     2.4811     4.9025    213.202  0.000e+00
     11.795    21.0952    38.2436     2.4811     4.9024    213.198  0.000e+00
     11.686    21.0956    38.2426     2.4811     4.9023    213.193  0.000e+00
     11.686    21.0953    38.2425     2.4811     4.9025    213.202  0.000e+00
     11.686    21.0943    38.2429     2.4811     4.9025    213.204  0.000e+00
     11.635    21.0943    38.2421     2.4823     4.9058    213.344  0.000e+00
     11.577    21.0933    38.2426     2.4823     4.9062    213.363  0.000e+00
     11.526    21.0929    38.2427     2.4811     4.9031    213.228  0.000e+00
     11.577    21.0931    38.2425     2.4811     4.9031    213.227  0.000e+00
     11.526    21.0934    38.2420     2.4823     4.9063    213.366  0.000e+00
     11.476    21.0923    38.2414     2.4823     4.9065    213.376  0.000e+00
     11.476    21.0907    38.2422     2.4823     4.9068    213.388  0.000e+00
     11.417    21.0905    38.2428     2.4823     4.9069    213.393  0.000e+00
     11.417    21.0901    38.2431     2.4823     4.9070    213.399  0.000e+00
     11.367    21.0898    38.2413     2.4823     4.9072    213.407  0.000e+00
     11.316    21.0887    38.2411     2.4823     4.9076    213.425  0.000e+00
     11.316    21.0883    38.2422     2.4823     4.9080    213.439  0.000e+00
     11.258    21.0880    38.2429     2.4823     4.9083    213.452  0.000e+00
     11.258    21.0882    38.2430     2.4823     4.9084    213.457  0.000e+00
     11.207    21.0879    38.2434     2.4823     4.9085    213.461  0.000e+00
