Data/2022/Day2/ctds/4.cnv
* Sea-Bird SBE 9 Data File:
* FileName = C:\CTD\Mir-MER\ST4_D2.hex
* Software Version Seasave V 7.26.7.121
* Temperature SN = 0809
* Conductivity SN = 3159
* Number of Bytes Per Scan = 24
* Number of Voltage Words = 4
* Number of Scans Averaged by the Deck Unit = 1
** Ship: antedon
** Station: ST4 D2
** Operator: AJM
# nquan = 7
# nvalues = 3341                                  
# units = specified
# name 0 = prDM: Pressure, Digiquartz [db]
# name 1 = t090C: Temperature [ITS-90, deg C]
# name 2 = sal00: Salinity, Practical [PSU]
# name 3 = sbeox0V: Oxygen raw, SBE 43 [V]
# name 4 = sbeox0ML/L: Oxygen, SBE 43 [ml/l]
# name 5 = sbox0Mm/Kg: Oxygen, SBE 43 [umol/kg]
# name 6 = flag:  0.000e+00
# span 0 =     -0.929,     28.648                 
# span 1 =    21.0173,    21.1448                 
# span 2 =     4.5331,    38.2473                 
# span 3 =     2.2894,     2.5678                 
# span 4 =     4.3076,     6.3726                 
# span 5 =    187.335,    284.024                 
# span 6 = 0.0000e+00, 0.0000e+00                 
# interval = seconds: 0.0416667
# start_time = Oct 12 2022 11:26:05 [System UTC, header]
# bad_flag = -9.990e-29
*END*
[from data line 1026]
     22.327    21.0518    38.2410     2.4872     4.9318    214.474  0.000e+00
     22.284    21.0517    38.2412     2.4872     4.9318    214.475  0.000e+00
     22.334    21.0517    38.2415     2.4872     4.9319    214.478  0.000e+00
     22.327    21.0518    38.2412     2.4872     4.9319    214.478  0.000e+00
     22.385    21.0517    38.2412     2.4872     4.9319    214.480  0.000e+00
     22.385    21.0517    38.2415     2.4872     4.9319    214.479  0.000e+00
     22.385    21.0517    38.2411     2.4872     4.9321    214.488  0.000e+00
     22.487    21.0518    38.2406     2.4872     4.9321    214.488  0.000e+00
     22.443    21.0518    38.2412     2.4872     4.9320    214.484  0.000e+00
     22.494    21.0517    38.2413     2.4872     4.9320    214.482  0.000e+00
     22.487    21.0520    38.2408     2.4872     4.9321    214.486  0.000e+00
     22.494    21.0517    38.2414     2.4872     4.9320    214.482  0.000e+00
     22.545    21.0517    38.2413     2.4884     4.9352    214.621  0.000e+00
     22.538    21.0518    38.2415     2.4884     4.9354    214.633  0.000e+00
     22.603    21.0518    38.2409     2.4884     4.9358    214.647  0.000e+00
     22.545    21.0520    38.2410     2.4884     4.9360    214.655  0.000e+00
     22.603    21.0517    38.2415     2.4884     4.9360    214.658  0.000e+00
     22.646    21.0518    38.2413     2.4884     4.9362    214.667  0.000e+00
     22.654    21.0518    38.2408     2.4884     4.9364    214.676  0.000e+00
     22.654    21.0518    38.2411     2.4884     4.9366    214.683  0.000e+00
     22.697    21.0520    38.2409     2.4884     4.9366    214.681  0.000e+00
     22.704    21.0517    38.2413     2.4884     4.9365    214.677  0.000e+00
     22.704    21.0518    38.2411     2.4884     4.9363    214.672  0.000e+00
     22.654    21.0518    38.2410     2.4884     4.9364    214.674  0.000e+00
     22.857    21.0518    38.2409     2.4884     4.9366    214.681  0.000e+00
     22.813    21.0518    38.2412     2.4884     4.9366    214.681  0.000e+00
     22.813    21.0520    38.2411     2.4884     4.9366    214.682  0.000e+00
     22.857    21.0518    38.2413     2.4884     4.9366    214.683  0.000e+00
     22.864    21.0518    38.2408     2.4884     4.9366    214.683  0.000e+00
     22.864    21.0512    38.2409     2.4884     4.9366    214.684  0.000e+00
     22.908    21.0503    38.2408     2.4884     4.9367    214.687  0.000e+00
     22.973    21.0497    38.2407     2.4884     4.9367    214.688  0.000e+00
     22.973    21.0494    38.2409     2.4884     4.9367    214.685  0.000e+00
     23.017    21.0490    38.2415     2.4884     4.9366    214.682  0.000e+00
     23.024    21.0489    38.2414     2.4884     4.9365    214.678  0.000e+00
     23.075    21.0487    38.2412     2.4884     4.9364    214.674  0.000e+00
     23.024    21.0487    38.2411     2.4872     4.9329    214.523  0.000e+00
     23.125    21.0484    38.2411     2.4884     4.9359    214.653  0.000e+00
     23.133    21.0484    38.2413     2.4884     4.9357    214.645  0.000e+00
     23.184    21.0484    38.2414     2.4884     4.9356    214.637  0.000e+00
     23.227    21.0484    38.2414     2.4872     4.9323    214.496  0.000e+00
     23.183    21.0482    38.2413     2.4884     4.9354    214.629  0.000e+00
     23.292    21.0476    38.2418     2.4872     4.9320    214.481  0.000e+00
     23.285    21.0478    38.2416     2.4884     4.9350    214.613  0.000e+00
     23.292    21.0478    38.2414     2.4872     4.9317    214.469  0.000e+00
     23.343    21.0476    38.2416     2.4872     4.9313    214.451  0.000e+00
     23.387    21.0478    38.2414     2.4872     4.9308    214.432  0.000e+00
     23.394    21.0476    38.2419     2.4884     4.9339    214.563  0.000e+00
     23.452    21.0478    38.2410     2.4872     4.9306    214.420  0.000e+00
     23.445    21.0475    38.2412     2.4872     4.9303    214.410  0.000e+00
     23.503    21.0476    38.2414     2.4884     4.9334    214.541  0.000e+00
     23.503    21.0476    38.2418     2.4884     4.9333    214.538  0.000e+00
     23.394    21.0476    38.2417     2.4884     4.9331    214.532  0.000e+00
     23.655    21.0473    38.2418     2.4884     4.9333    214.537  0.000e+00
     23.612    21.0475    38.2414     2.4884     4.9331    214.532  0.000e+00
     23.612    21.0475    38.2415     2.4872     4.9298    214.385  0.000e+00
     23.655    21.0476    38.2415     2.4872     4.9295    214.372  0.000e+00
     23.662    21.0473    38.2413     2.4884     4.9325    214.503  0.000e+00
     23.713    21.0473    38.2416     2.4872     4.9291    214.357  0.000e+00
     23.655    21.0473    38.2418     2.4872     4.9287    214.341  0.000e+00
     23.771    21.0473    38.2415     2.4872     4.9285    214.331  0.000e+00
     23.771    21.0475    38.2417     2.4884     4.9317    214.468  0.000e+00
     23.764    21.0473    38.2421     2.4884     4.9318    214.473  0.000e+00
     23.822    21.0473    38.2416     2.4884     4.9319    214.480  0.000e+00
     23.873    21.0475    38.2412     2.4872     4.9288    214.344  0.000e+00
     23.866    21.0473    38.2413     2.4884     4.9320    214.483  0.000e+00
     23.873    21.0471    38.2420     2.4884     4.9321    214.488  0.000e+00
     23.931    21.0471    38.2414     2.4872     4.9290    214.353  0.000e+00
     23.924    21.0473    38.2412     2.4884     4.9322    214.492  0.000e+00
     23.931    21.0473    38.2413     2.4884     4.9324    214.498  0.000e+00
     24.033    21.0471    38.2416     2.4884     4.9325    214.506  0.000e+00
     23.975    21.0473    38.2417     2.4872     4.9294    214.367  0.000e+00
     24.033    21.0475    38.2412     2.4872     4.9293    214.366  0.000e+00
     24.033    21.0473    38.2418     2.4872     4.9292    214.363  0.000e+00
     24.076    21.0473    38.2417     2.4872     4.9292    214.362  0.000e+00
     24.141    21.0471    38.2415     2.4872     4.9292    214.362  0.000e+00
     24.141    21.0473    38.2413     2.4872     4.9292    214.361  0.000e+00
     24.134    21.0473    38.2412     2.4872     4.9292    214.359  0.000e+00
     24.141    21.0473    38.2413     2.4872     4.9292    214.359  0.000e+00
     24.250    21.0469    38.2417     2.4872     4.9292    214.362  0.000e+00
     24.185    21.0471    38.2415     2.4872     4.9292    214.360  0.000e+00
     24.301    21.0469    38.2417     2.4872     4.9293    214.364  0.000e+00
     24.250    21.0471    38.2414     2.4872     4.9292    214.363  0.000e+00
     24.294    21.0471    38.2415     2.4884     4.9326    214.507  0.000e+00
     24.301    21.0473    38.2418     2.4872     4.9295    214.374  0.000e+00
     24.352    21.0476    38.2418     2.4872     4.9293    214.366  0.000e+00
     24.345    21.0478    38.2417     2.4872     4.9293    214.367  0.000e+00
     24.461    21.0478    38.2412     2.4884     4.9328    214.515  0.000e+00
     24.410    21.0476    38.2415     2.4872     4.9297    214.383  0.000e+00
     24.454    21.0478    38.2414     2.4872     4.9296    214.376  0.000e+00
     24.410    21.0476    38.2413     2.4872     4.9296    214.378  0.000e+00
     24.512    21.0471    38.2416     2.4884     4.9328    214.518  0.000e+00
     24.504    21.0469    38.2418     2.4884     4.9331    214.530  0.000e+00
     24.570    21.0469    38.2416     2.4872     4.9299    214.391  0.000e+00
     24.620    21.0468    38.2417     2.4872     4.9298    214.386  0.000e+00
     24.555    21.0459    38.2409     2.4872     4.9297    214.381  0.000e+00
     24.620    21.0445    38.2398     2.4872     4.9299    214.393  0.000e+00
     24.671    21.0415    38.2389     2.4872     4.9301    214.400  0.000e+00
     24.715    21.0391    38.2399     2.4872     4.9302    214.402  0.000e+00
     24.671    21.0384    38.2407     2.4872     4.9302    214.406  0.000e+00
     24.780    21.0373    38.2398     2.4872     4.9305    214.417  0.000e+00
     24.773    21.0345    38.2392     2.4872     4.9309    214.432  0.000e+00
     24.780    21.0319    38.2400     2.4872     4.9312    214.445  0.000e+00
     24.824    21.0306    38.2395     2.4872     4.9314    214.457  0.000e+00
     24.889    21.0291    38.2403     2.4872     4.9315    214.458  0.000e+00
     24.889    21.0280    38.2416     2.4872     4.9314    214.456  0.000e+00
     24.933    21.0280    38.2415     2.4872     4.9315    214.462  0.000e+00
     24.940    21.0278    38.2410     2.4872     4.9315    214.459  0.000e+00
     24.940    21.0266    38.2408     2.4872     4.9315    214.459  0.000e+00
     25.034    21.0254    38.2404     2.4872     4.9316    214.462  0.000e+00
     25.049    21.0245    38.2405     2.4872     4.9318    214.471  0.000e+00
     25.100    21.0241    38.2410     2.4860     4.9287    214.336  0.000e+00
     25.092    21.0236    38.2411     2.4872     4.9319    214.477  0.000e+00
     25.150    21.0231    38.2411     2.4872     4.9319    214.478  0.000e+00
     25.150    21.0226    38.2409     2.4872     4.9321    214.486  0.000e+00
     25.194    21.0222    38.2412     2.4872     4.9323    214.496  0.000e+00
     25.259    21.0219    38.2414     2.4872     4.9323    214.496  0.000e+00
     25.259    21.0224    38.2419     2.4872     4.9325    214.501  0.000e+00
     25.252    21.0227    38.2414     2.4860     4.9293    214.365  0.000e+00
     25.368    21.0224    38.2415     2.4860     4.9294    214.368  0.000e+00
     25.303    21.0224    38.2415     2.4860     4.9291    214.357  0.000e+00
     25.419    21.0221    38.2410     2.4860     4.9291    214.353  0.000e+00
     25.419    21.0221    38.2412     2.4860     4.9288    214.344  0.000e+00
     25.412    21.0221    38.2413     2.4860     4.9286    214.334  0.000e+00
     25.470    21.0222    38.2410     2.4860     4.9285    214.328  0.000e+00
     25.528    21.0221    38.2412     2.4860     4.9283    214.322  0.000e+00
     25.513    21.0221    38.2414     2.4860     4.9282    214.314  0.000e+00
     25.579    21.0221    38.2413     2.4860     4.9280    214.309  0.000e+00
     25.579    21.0224    38.2418     2.4860     4.9279    214.301  0.000e+00
     25.564    21.0229    38.2416     2.4860     4.9277    214.292  0.000e+00
     25.629    21.0233    38.2419     2.4860     4.9275    214.286  0.000e+00
     25.673    21.0237    38.2416     2.4860     4.9274    214.281  0.000e+00
     25.680    21.0240    38.2414     2.4860     4.9275    214.285  0.000e+00
     25.680    21.0240    38.2414     2.4860     4.9274    214.281  0.000e+00
     25.782    21.0241    38.2412     2.4860     4.9274    214.279  0.000e+00
     25.738    21.0243    38.2413     2.4860     4.9272    214.273  0.000e+00
     25.789    21.0241    38.2413     2.4860     4.9274    214.282  0.000e+00
     25.782    21.0245    38.2409     2.4860     4.9273    214.279  0.000e+00
     25.789    21.0245    38.2411     2.4860     4.9273    214.277  0.000e+00
     25.840    21.0246    38.2412     2.4860     4.9273    214.276  0.000e+00
     25.833    21.0247    38.2410     2.4872     4.9308    214.427  0.000e+00
     25.898    21.0245    38.2410     2.4872     4.9312    214.447  0.000e+00
     25.883    21.0240    38.2411     2.4872     4.9315    214.458  0.000e+00
     25.898    21.0238    38.2409     2.4872     4.9317    214.468  0.000e+00
     25.949    21.0234    38.2413     2.4872     4.9320    214.479  0.000e+00
     25.942    21.0233    38.2408     2.4872     4.9322    214.489  0.000e+00
     25.949    21.0229    38.2413     2.4860     4.9291    214.356  0.000e+00
     26.000    21.0232    38.2411     2.4860     4.9291    214.357  0.000e+00
     25.992    21.0227    38.2408     2.4860     4.9292    214.359  0.000e+00
     26.058    21.0229    38.2409     2.4872     4.9325    214.503  0.000e+00
     26.043    21.0229    38.2409     2.4872     4.9327    214.513  0.000e+00
     26.058    21.0227    38.2412     2.4872     4.9330    214.524  0.000e+00
     26.108    21.0227    38.2413     2.4872     4.9332    214.535  0.000e+00
     26.101    21.0227    38.2415     2.4872     4.9335    214.545  0.000e+00
     26.108    21.0232    38.2412     2.4860     4.9304    214.411  0.000e+00
     26.159    21.0234    38.2415     2.4872     4.9337    214.555  0.000e+00
     26.152    21.0238    38.2416     2.4860     4.9306    214.421  0.000e+00
     26.217    21.0240    38.2413     2.4872     4.9340    214.566  0.000e+00
     26.203    21.0241    38.2408     2.4872     4.9342    214.577  0.000e+00
     26.159    21.0240    38.2414     2.4872     4.9344    214.586  0.000e+00
     26.268    21.0238    38.2415     2.4872     4.9345    214.591  0.000e+00
     26.261    21.0241    38.2412     2.4872     4.9347    214.600  0.000e+00
     26.268    21.0241    38.2407     2.4872     4.9350    214.612  0.000e+00
     26.159    21.0241    38.2409     2.4872     4.9352    214.619  0.000e+00
     26.471    21.0238    38.2410     2.4872     4.9356    214.638  0.000e+00
     26.319    21.0238    38.2407     2.4872     4.9358    214.645  0.000e+00
     26.362    21.0238    38.2406     2.4872     4.9360    214.657  0.000e+00
     26.377    21.0236    38.2410     2.4872     4.9361    214.658  0.000e+00
     26.377    21.0236    38.2409     2.4872     4.9361    214.659  0.000e+00
     26.421    21.0231    38.2410     2.4872     4.9362    214.662  0.000e+00
     26.428    21.0228    38.2408     2.4872     4.9362    214.663  0.000e+00
     26.420    21.0227    38.2410     2.4872     4.9362    214.662  0.000e+00
     26.479    21.0226    38.2410     2.4884     4.9395    214.806  0.000e+00
     26.479    21.0226    38.2409     2.4884     4.9396    214.813  0.000e+00
     26.471    21.0224    38.2411     2.4872     4.9365    214.677  0.000e+00
     26.479    21.0224    38.2413     2.4872     4.9364    214.674  0.000e+00
     26.479    21.0222    38.2414     2.4872     4.9364    214.671  0.000e+00
     26.631    21.0226    38.2411     2.4872     4.9364    214.670  0.000e+00
     26.537    21.0225    38.2411     2.4872     4.9362    214.664  0.000e+00
     26.580    21.0227    38.2410     2.4884     4.9394    214.803  0.000e+00
     26.638    21.0226    38.2412     2.4884     4.9395    214.808  0.000e+00
     26.587    21.0227    38.2411     2.4884     4.9396    214.809  0.000e+00
     26.631    21.0226    38.2410     2.4884     4.9397    214.814  0.000e+00
     26.696    21.0226    38.2406     2.4884     4.9397    214.818  0.000e+00
     26.682    21.0224    38.2406     2.4884     4.9398    214.819  0.000e+00
     26.696    21.0222    38.2410     2.4884     4.9398    214.819  0.000e+00
     26.696    21.0221    38.2410     2.4884     4.9398    214.819  0.000e+00
     26.791    21.0222    38.2407     2.4884     4.9398    214.820  0.000e+00
     26.747    21.0221    38.2412     2.4884     4.9397    214.816  0.000e+00
     26.791    21.0219    38.2412     2.4872     4.9366    214.682  0.000e+00
     26.798    21.0221    38.2409     2.4884     4.9398    214.822  0.000e+00
     26.907    21.0217    38.2412     2.4884     4.9401    214.832  0.000e+00
     26.841    21.0217    38.2412     2.4884     4.9402    214.836  0.000e+00
     26.907    21.0218    38.2411     2.4884     4.9403    214.843  0.000e+00
     26.950    21.0219    38.2408     2.4884     4.9405    214.849  0.000e+00
     26.907    21.0217    38.2408     2.4884     4.9403    214.844  0.000e+00
     27.016    21.0217    38.2410     2.4884     4.9403    214.840  0.000e+00
     26.950    21.0217    38.2411     2.4884     4.9401    214.832  0.000e+00
     27.016    21.0215    38.2415     2.4884     4.9402    214.836  0.000e+00
     26.907    21.0217    38.2413     2.4884     4.9401    214.835  0.000e+00
     27.212    21.0213    38.2411     2.4884     4.9404    214.846  0.000e+00
     27.117    21.0218    38.2412     2.4884     4.9403    214.843  0.000e+00
     27.110    21.0217    38.2415     2.4884     4.9403    214.843  0.000e+00
     27.117    21.0219    38.2408     2.4884     4.9401    214.835  0.000e+00
