Data/2022/Day2/ctds/4.cnv
* Sea-Bird SBE 9 Data File:
* FileName = C:\CTD\Mir-MER\ST4_D2.hex
* Software Version Seasave V 7.26.7.121
* Temperature SN = 0809
* Conductivity SN = 3159
* Number of Bytes Per Scan = 24
* Number of Voltage Words = 4
* Number of Scans Averaged by the Deck Unit = 1
** Ship: antedon
** Station: ST4 D2
** Operator: AJM
# nquan = 7
# nvalues = 3341                                  
# units = specified
# name 0 = prDM: Pressure, Digiquartz [db]
# name 1 = t090C: Temperature [ITS-90, deg C]
# name 2 = sal00: Salinity, Practical [PSU]
# name 3 = sbeox0V: Oxygen raw, SBE 43 [V]
# name 4 = sbeox0ML/L: Oxygen, SBE 43 [ml/l]
# name 5 = sbox0Mm/Kg: Oxygen, SBE 43 [umol/kg]
# name 6 = flag:  0.000e+00
# span 0 =     -0.929,     28.648                 
# span 1 =    21.0173,    21.1448                 
# span 2 =     4.5331,    38.2473                 
# span 3 =     2.2894,     2.5678                 
# span 4 =     4.3076,     6.3726                 
# span 5 =    187.335,    284.024                 
# span 6 = 0.0000e+00, 0.0000e+00                 
# interval = seconds: 0.0416667
# start_time = Oct 12 2022 11:26:05 [System UTC, header]
# bad_flag = -9.990e-29
*END*
[from data line 3283]
     -0.751    21.1327     6.1313     2.5519     6.2713    279.348  0.000e+00
     -0.809    21.1325     6.7458     2.5531     6.2469    278.130  0.000e+00
     -0.700    21.1326     7.3117     2.5531     6.2207    276.848  0.000e+00
     -0.816    21.1328     7.2317     2.5544     6.2219    276.915  0.000e+00
     -0.751    21.1328     7.1070     2.5544     6.2212    276.910  0.000e+00
     -0.809    21.1329     6.8000     2.5556     6.2310    277.412  0.000e+00
     -0.751    21.1332     6.6426     2.5556     6.2319    277.484  0.000e+00
     -0.751    21.1335     6.5619     2.5568     6.2337    277.583  0.000e+00
     -0.765    21.1338     6.4900     2.5568     6.2317    277.509  0.000e+00
     -0.809    21.1339     6.6150     2.5568     6.2227    277.082  0.000e+00
     -0.751    21.1339     6.7325     2.5580     6.2180    276.846  0.000e+00
     -0.751    21.1341     6.6914     2.5580     6.2152    276.731  0.000e+00
     -0.816    21.1344     6.4900     2.5592     6.2224    277.092  0.000e+00
     -0.751    21.1348     6.3119     2.5592     6.2253    277.262  0.000e+00
     -0.809    21.1348     6.3065     2.5592     6.2220    277.116  0.000e+00
     -0.809    21.1353     6.2628     2.5592     6.2202    277.041  0.000e+00
     -0.809    21.1355     6.1528     2.5592     6.2208    277.093  0.000e+00
     -0.765    21.1361     6.0708     2.5592     6.2205    277.096  0.000e+00
     -0.809    21.1362     6.0389     2.5605     6.2224    277.188  0.000e+00
     -0.751    21.1365     6.0530     2.5617     6.2228    277.204  0.000e+00
     -0.809    21.1371     5.9360     2.5617     6.2243    277.295  0.000e+00
     -0.707    21.1371     5.7832     2.5617     6.2272    277.456  0.000e+00
     -0.809    21.1378     5.7112     2.5617     6.2271    277.465  0.000e+00
     -0.700    21.1377     5.6791     2.5629     6.2296    277.584  0.000e+00
     -0.809    21.1379     5.6641     2.5629     6.2278    277.506  0.000e+00
     -0.700    21.1385     5.5462     2.5629     6.2298    277.620  0.000e+00
     -0.765    21.1385     5.4479     2.5629     6.2309    277.692  0.000e+00
     -0.750    21.1390     5.4360     2.5629     6.2292    277.616  0.000e+00
     -0.750    21.1392     5.4027     2.5629     6.2282    277.579  0.000e+00
     -0.750    21.1396     5.3672     2.5629     6.2272    277.545  0.000e+00
     -0.765    21.1397     5.2998     2.5629     6.2275    277.570  0.000e+00
     -0.750    21.1397     5.2630     2.5641     6.2306    277.717  0.000e+00
     -0.750    21.1401     5.2633     2.5641     6.2287    277.630  0.000e+00
     -0.750    21.1404     5.2008     2.5641     6.2295    277.682  0.000e+00
     -0.765    21.1405     5.1418     2.5653     6.2341    277.896  0.000e+00
     -0.808    21.1411     5.0920     2.5653     6.2345    277.926  0.000e+00
     -0.750    21.1411     5.0565     2.5653     6.2344    277.927  0.000e+00
     -0.808    21.1413     5.0243     2.5653     6.2340    277.919  0.000e+00
     -0.750    21.1414     4.9598     2.5653     6.2350    277.977  0.000e+00
     -0.815    21.1416     4.9305     2.5653     6.2347    277.970  0.000e+00
     -0.808    21.1420     4.9137     2.5653     6.2341    277.945  0.000e+00
     -0.808    21.1422     4.8813     2.5653     6.2339    277.942  0.000e+00
     -0.750    21.1423     4.8478     2.5666     6.2378    278.125  0.000e+00
     -0.764    21.1424     4.8163     2.5653     6.2338    277.951  0.000e+00
     -0.808    21.1427     4.8274     2.5666     6.2362    278.056  0.000e+00
     -0.808    21.1429     4.7911     2.5666     6.2365    278.078  0.000e+00
     -0.749    21.1430     4.7044     2.5666     6.2388    278.200  0.000e+00
     -0.807    21.1432     4.6730     2.5666     6.2389    278.210  0.000e+00
     -0.764    21.1433     4.6944     2.5666     6.2373    278.133  0.000e+00
     -0.807    21.1436     4.7135     2.5666     6.2355    278.051  0.000e+00
     -0.749    21.1437     4.6329     2.5666     6.2376    278.161  0.000e+00
     -0.749    21.1438     4.5557     2.5666     6.2394    278.259  0.000e+00
     -0.763    21.1441     4.6044     2.5678     6.2408    278.308  0.000e+00
     -0.807    21.1441     4.6329     2.5666     6.2350    278.046  0.000e+00
     -0.749    21.1445     4.6103     2.5666     6.2351    278.052  0.000e+00
     -0.749    21.1443     4.5494     2.5666     6.2364    278.126  0.000e+00
     -0.749    21.1446     4.5331     2.5666     6.2363    278.122  0.000e+00
     -0.763    21.1448     4.5938     2.5678     6.2372    278.151  0.000e+00
