Data/2022/Day2/ctds/4.cnv
* Sea-Bird SBE 9 Data File:
* FileName = C:\CTD\Mir-MER\ST4_D2.hex
* Software Version Seasave V 7.26.7.121
* Temperature SN = 0809
* Conductivity SN = 3159
* Number of Bytes Per Scan = 24
* Number of Voltage Words = 4
* Number of Scans Averaged by the Deck Unit = 1
** Ship: antedon
** Station: ST4 D2
** Operator: AJM
# nquan = 7
# nvalues = 3341                                  
# units = specified
# name 0 = prDM: Pressure, Digiquartz [db]
# name 1 = t090C: Temperature [ITS-90, deg C]
# name 2 = sal00: Salinity, Practical [PSU]
# name 3 = sbeox0V: Oxygen raw, SBE 43 [V]
# name 4 = sbeox0ML/L: Oxygen, SBE 43 [ml/l]
# name 5 = sbox0Mm/Kg: Oxygen, SBE 43 [umol/kg]
# name 6 = flag:  0.000e+00
# span 0 =     -0.929,     28.648                 
# span 1 =    21.0173,    21.1448                 
# span 2 =     4.5331,    38.2473                 
# span 3 =     2.2894,     2.5678                 
# span 4 =     4.3076,     6.3726                 
# span 5 =    187.335,    284.024                 
# span 6 = 0.0000e+00, 0.0000e+00                 
# interval = seconds: 0.0416667
# start_time = Oct 12 2022 11:26:05 [System UTC, header]
# bad_flag = -9.990e-29
*END*
[from data line 2462]
     11.156    21.0885    38.2435     2.4835     4.9120    213.616  0.000e+00
     11.156    21.0887    38.2431     2.4823     4.9090    213.485  0.000e+00
     11.098    21.0887    38.2429     2.4823     4.9090    213.486  0.000e+00
     11.098    21.0885    38.2432     2.4823     4.9091    213.488  0.000e+00
     11.047    21.0885    38.2434     2.4823     4.9091    213.488  0.000e+00
     11.098    21.0887    38.2439     2.4835     4.9124    213.631  0.000e+00
     10.945    21.0896    38.2438     2.4823     4.9092    213.491  0.000e+00
     10.945    21.0905    38.2436     2.4823     4.9091    213.488  0.000e+00
     10.945    21.0907    38.2427     2.4835     4.9124    213.631  0.000e+00
     10.945    21.0904    38.2430     2.4823     4.9093    213.497  0.000e+00
     10.945    21.0903    38.2428     2.4823     4.9093    213.496  0.000e+00
     10.887    21.0903    38.2428     2.4823     4.9092    213.493  0.000e+00
     10.887    21.0896    38.2430     2.4823     4.9092    213.493  0.000e+00
     10.887    21.0901    38.2424     2.4823     4.9091    213.489  0.000e+00
     10.786    21.0894    38.2430     2.4811     4.9057    213.343  0.000e+00
     10.836    21.0890    38.2430     2.4811     4.9055    213.334  0.000e+00
     10.786    21.0892    38.2430     2.4811     4.9052    213.319  0.000e+00
     10.786    21.0889    38.2431     2.4811     4.9050    213.308  0.000e+00
     10.786    21.0885    38.2431     2.4811     4.9047    213.298  0.000e+00
     10.727    21.0884    38.2431     2.4799     4.9011    213.142  0.000e+00
     10.727    21.0885    38.2433     2.4799     4.9006    213.120  0.000e+00
     10.677    21.0882    38.2435     2.4799     4.9001    213.099  0.000e+00
     10.677    21.0885    38.2433     2.4799     4.8997    213.078  0.000e+00
     10.677    21.0881    38.2433     2.4799     4.8992    213.060  0.000e+00
     10.677    21.0882    38.2429     2.4799     4.8988    213.041  0.000e+00
     10.626    21.0884    38.2431     2.4786     4.8950    212.877  0.000e+00
     10.626    21.0882    38.2433     2.4786     4.8944    212.850  0.000e+00
     10.626    21.0882    38.2433     2.4786     4.8938    212.823  0.000e+00
     10.568    21.0884    38.2432     2.4786     4.8932    212.795  0.000e+00
     10.568    21.0882    38.2437     2.4786     4.8926    212.770  0.000e+00
     10.568    21.0883    38.2433     2.4786     4.8920    212.746  0.000e+00
     10.568    21.0884    38.2432     2.4786     4.8915    212.722  0.000e+00
     10.568    21.0885    38.2431     2.4786     4.8909    212.698  0.000e+00
     10.517    21.0882    38.2431     2.4774     4.8874    212.544  0.000e+00
     10.517    21.0884    38.2434     2.4774     4.8869    212.522  0.000e+00
     10.517    21.0884    38.2433     2.4774     4.8862    212.494  0.000e+00
     10.466    21.0884    38.2432     2.4774     4.8856    212.466  0.000e+00
     10.517    21.0885    38.2431     2.4774     4.8852    212.450  0.000e+00
     10.466    21.0884    38.2432     2.4774     4.8849    212.434  0.000e+00
     10.466    21.0887    38.2432     2.4774     4.8845    212.420  0.000e+00
     10.466    21.0889    38.2431     2.4774     4.8842    212.407  0.000e+00
     10.357    21.0891    38.2433     2.4774     4.8839    212.393  0.000e+00
     10.408    21.0894    38.2435     2.4774     4.8837    212.384  0.000e+00
     10.466    21.0898    38.2432     2.4774     4.8835    212.378  0.000e+00
     10.357    21.0894    38.2431     2.4774     4.8834    212.371  0.000e+00
     10.408    21.0894    38.2430     2.4774     4.8833    212.368  0.000e+00
     10.357    21.0892    38.2427     2.4774     4.8833    212.365  0.000e+00
     10.357    21.0891    38.2426     2.4774     4.8832    212.364  0.000e+00
     10.306    21.0889    38.2431     2.4774     4.8834    212.373  0.000e+00
     10.306    21.0889    38.2429     2.4774     4.8837    212.385  0.000e+00
     10.306    21.0892    38.2428     2.4774     4.8838    212.388  0.000e+00
     10.306    21.0894    38.2430     2.4774     4.8839    212.393  0.000e+00
     10.248    21.0894    38.2431     2.4774     4.8840    212.399  0.000e+00
     10.248    21.0894    38.2433     2.4774     4.8842    212.407  0.000e+00
     10.197    21.0898    38.2430     2.4774     4.8846    212.425  0.000e+00
     10.197    21.0896    38.2429     2.4774     4.8849    212.438  0.000e+00
     10.146    21.0891    38.2416     2.4787     4.8886    212.596  0.000e+00
     10.146    21.0875    38.2418     2.4787     4.8895    212.636  0.000e+00
     10.146    21.0866    38.2420     2.4774     4.8869    212.522  0.000e+00
     10.088    21.0861    38.2428     2.4774     4.8873    212.540  0.000e+00
     10.037    21.0863    38.2427     2.4774     4.8877    212.557  0.000e+00
     10.037    21.0857    38.2432     2.4774     4.8882    212.580  0.000e+00
     10.037    21.0856    38.2431     2.4774     4.8887    212.603  0.000e+00
      9.986    21.0856    38.2430     2.4774     4.8890    212.616  0.000e+00
      9.986    21.0856    38.2427     2.4787     4.8927    212.775  0.000e+00
      9.877    21.0852    38.2431     2.4774     4.8900    212.656  0.000e+00
      9.928    21.0857    38.2433     2.4774     4.8903    212.673  0.000e+00
      9.827    21.0857    38.2437     2.4774     4.8907    212.688  0.000e+00
      9.877    21.0863    38.2434     2.4774     4.8909    212.698  0.000e+00
      9.769    21.0864    38.2432     2.4774     4.8911    212.706  0.000e+00
      9.769    21.0864    38.2429     2.4774     4.8914    212.718  0.000e+00
      9.769    21.0864    38.2429     2.4774     4.8917    212.731  0.000e+00
      9.718    21.0864    38.2431     2.4774     4.8919    212.742  0.000e+00
      9.667    21.0864    38.2431     2.4774     4.8922    212.755  0.000e+00
      9.667    21.0864    38.2431     2.4774     4.8924    212.761  0.000e+00
      9.609    21.0866    38.2429     2.4774     4.8924    212.764  0.000e+00
      9.609    21.0864    38.2429     2.4774     4.8926    212.771  0.000e+00
      9.558    21.0863    38.2426     2.4774     4.8927    212.777  0.000e+00
      9.507    21.0864    38.2430     2.4774     4.8928    212.782  0.000e+00
      9.507    21.0863    38.2428     2.4774     4.8930    212.790  0.000e+00
      9.507    21.0863    38.2429     2.4774     4.8932    212.797  0.000e+00
      9.449    21.0862    38.2431     2.4774     4.8934    212.804  0.000e+00
      9.398    21.0861    38.2426     2.4774     4.8933    212.803  0.000e+00
      9.398    21.0856    38.2429     2.4774     4.8933    212.803  0.000e+00
      9.347    21.0857    38.2430     2.4774     4.8933    212.800  0.000e+00
      9.398    21.0856    38.2436     2.4774     4.8933    212.800  0.000e+00
      9.296    21.0857    38.2432     2.4774     4.8932    212.796  0.000e+00
      9.296    21.0857    38.2437     2.4774     4.8931    212.794  0.000e+00
      9.238    21.0860    38.2433     2.4774     4.8931    212.791  0.000e+00
      9.238    21.0856    38.2427     2.4774     4.8931    212.792  0.000e+00
      9.238    21.0852    38.2427     2.4774     4.8931    212.793  0.000e+00
      9.238    21.0854    38.2430     2.4774     4.8930    212.790  0.000e+00
      9.188    21.0857    38.2431     2.4774     4.8930    212.786  0.000e+00
      9.137    21.0859    38.2433     2.4774     4.8929    212.783  0.000e+00
      9.137    21.0861    38.2433     2.4774     4.8928    212.781  0.000e+00
      9.137    21.0861    38.2437     2.4787     4.8961    212.922  0.000e+00
      9.137    21.0862    38.2437     2.4787     4.8962    212.929  0.000e+00
      9.079    21.0864    38.2433     2.4787     4.8964    212.934  0.000e+00
      9.079    21.0870    38.2434     2.4787     4.8965    212.939  0.000e+00
      9.079    21.0870    38.2440     2.4787     4.8966    212.945  0.000e+00
      9.079    21.0892    38.2444     2.4787     4.8965    212.941  0.000e+00
      9.028    21.0903    38.2432     2.4787     4.8965    212.943  0.000e+00
      9.028    21.0898    38.2430     2.4787     4.8967    212.951  0.000e+00
      9.028    21.0897    38.2443     2.4774     4.8935    212.812  0.000e+00
      8.977    21.0917    38.2451     2.4787     4.8965    212.940  0.000e+00
      8.977    21.0942    38.2450     2.4787     4.8966    212.944  0.000e+00
      9.028    21.0961    38.2440     2.4774     4.8935    212.811  0.000e+00
      8.977    21.0973    38.2430     2.4787     4.8966    212.944  0.000e+00
      8.919    21.0968    38.2435     2.4787     4.8967    212.949  0.000e+00
      8.919    21.0960    38.2450     2.4787     4.8968    212.954  0.000e+00
      8.919    21.0984    38.2456     2.4787     4.8967    212.948  0.000e+00
      8.919    21.1019    38.2448     2.4787     4.8964    212.939  0.000e+00
      8.919    21.1037    38.2441     2.4787     4.8964    212.936  0.000e+00
      8.868    21.1049    38.2431     2.4787     4.8965    212.943  0.000e+00
      8.868    21.1055    38.2429     2.4787     4.8965    212.944  0.000e+00
      8.868    21.1059    38.2426     2.4787     4.8966    212.945  0.000e+00
      8.868    21.1063    38.2422     2.4787     4.8966    212.946  0.000e+00
      8.817    21.1065    38.2420     2.4787     4.8966    212.945  0.000e+00
      8.817    21.1063    38.2423     2.4787     4.8966    212.947  0.000e+00
      8.759    21.1063    38.2420     2.4787     4.8966    212.947  0.000e+00
      8.759    21.1063    38.2419     2.4787     4.8966    212.947  0.000e+00
      8.759    21.1061    38.2420     2.4787     4.8966    212.948  0.000e+00
      8.759    21.1063    38.2422     2.4787     4.8966    212.946  0.000e+00
      8.708    21.1063    38.2420     2.4787     4.8966    212.945  0.000e+00
      8.759    21.1053    38.2396     2.4787     4.8967    212.952  0.000e+00
      8.657    21.0998    38.2391     2.4787     4.8971    212.970  0.000e+00
      8.657    21.0954    38.2392     2.4787     4.8975    212.985  0.000e+00
      8.657    21.0921    38.2409     2.4787     4.8977    212.994  0.000e+00
      8.599    21.0910    38.2418     2.4799     4.9009    213.135  0.000e+00
      8.599    21.0910    38.2422     2.4799     4.9011    213.140  0.000e+00
      8.548    21.0906    38.2429     2.4799     4.9012    213.144  0.000e+00
      8.548    21.0908    38.2428     2.4799     4.9012    213.148  0.000e+00
      8.548    21.0903    38.2419     2.4799     4.9014    213.154  0.000e+00
      8.497    21.0889    38.2417     2.4799     4.9016    213.161  0.000e+00
      8.497    21.0873    38.2419     2.4799     4.9018    213.169  0.000e+00
      8.389    21.0868    38.2422     2.4799     4.9018    213.169  0.000e+00
      8.439    21.0861    38.2429     2.4799     4.9018    213.173  0.000e+00
      8.388    21.0859    38.2427     2.4799     4.9018    213.172  0.000e+00
      8.388    21.0856    38.2424     2.4799     4.9018    213.173  0.000e+00
      8.338    21.0854    38.2426     2.4799     4.9018    213.170  0.000e+00
      8.338    21.0861    38.2421     2.4799     4.9017    213.165  0.000e+00
      8.229    21.0856    38.2426     2.4799     4.9015    213.160  0.000e+00
      8.338    21.0852    38.2437     2.4799     4.9015    213.159  0.000e+00
      8.171    21.0863    38.2435     2.4799     4.9012    213.145  0.000e+00
      8.229    21.0871    38.2436     2.4799     4.9013    213.147  0.000e+00
      8.229    21.0872    38.2431     2.4787     4.8981    213.009  0.000e+00
      8.178    21.0873    38.2434     2.4799     4.9012    213.143  0.000e+00
      8.120    21.0877    38.2428     2.4799     4.9012    213.144  0.000e+00
      8.120    21.0877    38.2420     2.4787     4.8980    213.006  0.000e+00
      8.120    21.0863    38.2426     2.4787     4.8980    213.004  0.000e+00
      8.018    21.0857    38.2431     2.4787     4.8978    212.996  0.000e+00
      8.069    21.0857    38.2430     2.4787     4.8977    212.991  0.000e+00
      8.018    21.0855    38.2428     2.4787     4.8973    212.975  0.000e+00
      8.018    21.0854    38.2421     2.4787     4.8972    212.970  0.000e+00
      7.960    21.0845    38.2420     2.4787     4.8971    212.965  0.000e+00
      7.960    21.0836    38.2440     2.4774     4.8934    212.807  0.000e+00
      7.960    21.0861    38.2449     2.4774     4.8928    212.780  0.000e+00
      7.909    21.0877    38.2450     2.4774     4.8923    212.757  0.000e+00
      7.909    21.0891    38.2440     2.4774     4.8918    212.737  0.000e+00
      7.858    21.0901    38.2430     2.4787     4.8947    212.861  0.000e+00
      7.858    21.0901    38.2426     2.4774     4.8913    212.713  0.000e+00
      7.858    21.0900    38.2429     2.4774     4.8909    212.699  0.000e+00
      7.800    21.0908    38.2446     2.4774     4.8904    212.677  0.000e+00
      7.749    21.0954    38.2454     2.4774     4.8897    212.643  0.000e+00
      7.800    21.0989    38.2425     2.4774     4.8891    212.622  0.000e+00
      7.749    21.0963    38.2395     2.4774     4.8891    212.622  0.000e+00
      7.749    21.0906    38.2393     2.4774     4.8894    212.632  0.000e+00
      7.698    21.0870    38.2400     2.4774     4.8894    212.632  0.000e+00
      7.698    21.0851    38.2416     2.4774     4.8892    212.625  0.000e+00
      7.698    21.0856    38.2432     2.4774     4.8889    212.609  0.000e+00
      7.648    21.0880    38.2441     2.4774     4.8883    212.586  0.000e+00
      7.648    21.0898    38.2448     2.4774     4.8879    212.568  0.000e+00
      7.648    21.0910    38.2432     2.4774     4.8876    212.555  0.000e+00
      7.648    21.0909    38.2426     2.4762     4.8841    212.404  0.000e+00
      7.539    21.0905    38.2422     2.4774     4.8870    212.527  0.000e+00
      7.531    21.0892    38.2427     2.4774     4.8869    212.522  0.000e+00
      7.539    21.0891    38.2448     2.4774     4.8866    212.512  0.000e+00
      7.539    21.0933    38.2450     2.4774     4.8863    212.497  0.000e+00
      7.488    21.0964    38.2446     2.4774     4.8860    212.486  0.000e+00
      7.488    21.0977    38.2436     2.4774     4.8860    212.485  0.000e+00
      7.488    21.0991    38.2432     2.4774     4.8860    212.484  0.000e+00
      7.379    21.0998    38.2433     2.4774     4.8860    212.483  0.000e+00
      7.430    21.1010    38.2421     2.4774     4.8860    212.487  0.000e+00
      7.379    21.0991    38.2401     2.4774     4.8864    212.502  0.000e+00
      7.328    21.0952    38.2414     2.4774     4.8868    212.521  0.000e+00
      7.379    21.0944    38.2424     2.4774     4.8871    212.531  0.000e+00
      7.328    21.0943    38.2421     2.4774     4.8872    212.539  0.000e+00
      7.270    21.0942    38.2418     2.4774     4.8874    212.548  0.000e+00
      7.328    21.0928    38.2413     2.4774     4.8879    212.565  0.000e+00
      7.219    21.0912    38.2402     2.4774     4.8882    212.581  0.000e+00
      7.270    21.0882    38.2402     2.4787     4.8920    212.748  0.000e+00
      7.219    21.0857    38.2418     2.4774     4.8894    212.633  0.000e+00
      7.219    21.0863    38.2434     2.4774     4.8896    212.641  0.000e+00
      7.168    21.0885    38.2436     2.4774     4.8897    212.644  0.000e+00
      7.168    21.0887    38.2446     2.4774     4.8897    212.646  0.000e+00
      7.168    21.0892    38.2435     2.4774     4.8900    212.660  0.000e+00
      7.110    21.0892    38.2434     2.4774     4.8904    212.674  0.000e+00
      7.052    21.0896    38.2433     2.4774     4.8904    212.678  0.000e+00
      7.168    21.0902    38.2458     2.4774     4.8905    212.682  0.000e+00
      7.059    21.0945    38.2473     2.4774     4.8902    212.667  0.000e+00
      7.059    21.0998    38.2467     2.4774     4.8899    212.655  0.000e+00
      7.059    21.1035    38.2449     2.4774     4.8898    212.651  0.000e+00
      7.009    21.1056    38.2439     2.4774     4.8898    212.651  0.000e+00
      7.009    21.1070    38.2427     2.4774     4.8899    212.656  0.000e+00
