Data/2022/Day3/ctds/1.cnv
* Sea-Bird SBE 9 Data File:
* FileName = C:\CTD\Mir-MER\ST1_D3.hex
* Software Version Seasave V 7.26.7.121
* Temperature SN = 0809
* Conductivity SN = 3159
* Number of Bytes Per Scan = 24
* Number of Voltage Words = 4
* Number of Scans Averaged by the Deck Unit = 1
** Ship: antedon
** Station: st1 day3
** Operator:
# nquan = 7
# nvalues = 23655                                 
# units = specified
# name 0 = prDM: Pressure, Digiquartz [db]
# name 1 = t090C: Temperature [ITS-90, deg C]
# name 2 = sal00: Salinity, Practical [PSU]
# name 3 = sbeox0V: Oxygen raw, SBE 43 [V]
# name 4 = sbeox0ML/L: Oxygen, SBE 43 [ml/l]
# name 5 = sbox0Mm/Kg: Oxygen, SBE 43 [umol/kg]
# name 6 = flag:  0.000e+00
# span 0 =     -0.880,    505.871                 
# span 1 =    13.7507,    21.2981                 
# span 2 =    38.0328,    38.6957                 
# span 3 =     1.7436,     2.5545                 
# span 4 =     3.7371,     5.6456                 
# span 5 =    162.183,    245.185                 
# span 6 = 0.0000e+00, 0.0000e+00                 
# interval = seconds: 0.0416667
# start_time = Oct 13 2022 10:59:52 [System UTC, header]
# bad_flag = -9.990e-29
*END*
[from data line 2052]
     92.425    13.9633    38.2511     2.1818     4.8047    208.589  0.000e+00
     92.432    13.9633    38.2505     2.1818     4.8051    208.607  0.000e+00
     92.483    13.9624    38.2509     2.1806     4.8018    208.464  0.000e+00
     92.483    13.9619    38.2510     2.1806     4.8022    208.480  0.000e+00
     92.585    13.9609    38.2519     2.1806     4.8025    208.492  0.000e+00
     92.643    13.9608    38.2515     2.1806     4.8028    208.506  0.000e+00
     92.643    13.9597    38.2523     2.1806     4.8033    208.528  0.000e+00
     92.745    13.9592    38.2525     2.1806     4.8040    208.557  0.000e+00
     92.745    13.9591    38.2525     2.1806     4.8043    208.573  0.000e+00
     92.803    13.9592    38.2518     2.1794     4.8009    208.426  0.000e+00
     92.861    13.9594    38.2514     2.1794     4.8013    208.439  0.000e+00
     92.854    13.9592    38.2515     2.1794     4.8017    208.457  0.000e+00
     92.905    13.9592    38.2510     2.1781     4.7984    208.314  0.000e+00
     92.963    13.9582    38.2513     2.1781     4.7989    208.336  0.000e+00
     93.014    13.9564    38.2527     2.1781     4.7992    208.351  0.000e+00
     93.014    13.9554    38.2533     2.1781     4.7996    208.368  0.000e+00
     93.064    13.9549    38.2539     2.1781     4.8002    208.391  0.000e+00
     93.064    13.9543    38.2543     2.1769     4.7965    208.234  0.000e+00
     93.173    13.9537    38.2547     2.1757     4.7928    208.070  0.000e+00
     93.173    13.9533    38.2551     2.1757     4.7927    208.065  0.000e+00
     93.072    13.9527    38.2555     2.1757     4.7927    208.065  0.000e+00
     93.333    13.9525    38.2550     2.1745     4.7888    207.896  0.000e+00
     93.282    13.9527    38.2552     2.1745     4.7883    207.877  0.000e+00
     93.282    13.9525    38.2555     2.1745     4.7881    207.868  0.000e+00
     93.333    13.9525    38.2557     2.1745     4.7881    207.866  0.000e+00
     93.384    13.9524    38.2560     2.1745     4.7882    207.872  0.000e+00
     93.384    13.9523    38.2566     2.1733     4.7842    207.697  0.000e+00
     93.442    13.9525    38.2564     2.1720     4.7800    207.516  0.000e+00
     93.442    13.9523    38.2572     2.1720     4.7792    207.479  0.000e+00
     93.493    13.9523    38.2569     2.1720     4.7786    207.452  0.000e+00
     93.493    13.9524    38.2569     2.1720     4.7780    207.430  0.000e+00
     93.442    13.9522    38.2570     2.1708     4.7738    207.244  0.000e+00
     93.704    13.9522    38.2570     2.1708     4.7734    207.229  0.000e+00
     93.602    13.9520    38.2572     2.1696     4.7687    207.026  0.000e+00
     93.704    13.9520    38.2564     2.1696     4.7679    206.991  0.000e+00
     93.653    13.9518    38.2567     2.1696     4.7672    206.959  0.000e+00
     93.704    13.9520    38.2568     2.1684     4.7628    206.766  0.000e+00
     93.762    13.9520    38.2564     2.1684     4.7621    206.738  0.000e+00
     93.762    13.9520    38.2562     2.1671     4.7573    206.531  0.000e+00
     93.813    13.9518    38.2566     2.1671     4.7563    206.488  0.000e+00
     93.863    13.9518    38.2565     2.1659     4.7516    206.283  0.000e+00
     93.922    13.9517    38.2567     2.1659     4.7507    206.241  0.000e+00
     93.922    13.9516    38.2566     2.1659     4.7499    206.208  0.000e+00
     94.023    13.9516    38.2564     2.1647     4.7455    206.016  0.000e+00
     93.980    13.9515    38.2566     2.1647     4.7447    205.984  0.000e+00
     94.081    13.9516    38.2558     2.1635     4.7400    205.780  0.000e+00
     94.132    13.9515    38.2555     2.1635     4.7391    205.740  0.000e+00
     94.132    13.9515    38.2556     2.1623     4.7344    205.536  0.000e+00
     94.241    13.9512    38.2558     2.1623     4.7336    205.502  0.000e+00
     94.183    13.9512    38.2557     2.1623     4.7329    205.472  0.000e+00
     94.292    13.9512    38.2557     2.1610     4.7287    205.287  0.000e+00
     94.343    13.9512    38.2554     2.1598     4.7239    205.080  0.000e+00
     94.401    13.9509    38.2564     2.1598     4.7230    205.038  0.000e+00
     94.401    13.9508    38.2565     2.1598     4.7222    205.007  0.000e+00
     94.452    13.9508    38.2566     2.1586     4.7178    204.816  0.000e+00
     94.503    13.9510    38.2565     2.1586     4.7173    204.792  0.000e+00
     94.561    13.9508    38.2569     2.1574     4.7131    204.610  0.000e+00
     94.663    13.9508    38.2572     2.1574     4.7127    204.595  0.000e+00
     94.670    13.9507    38.2572     2.1562     4.7084    204.405  0.000e+00
     94.721    13.9506    38.2574     2.1562     4.7078    204.382  0.000e+00
     94.721    13.9510    38.2572     2.1549     4.7036    204.199  0.000e+00
     94.881    13.9508    38.2575     2.1549     4.7030    204.173  0.000e+00
     94.881    13.9506    38.2578     2.1537     4.6987    203.985  0.000e+00
     94.932    13.9507    38.2571     2.1537     4.6983    203.966  0.000e+00
     94.982    13.9506    38.2573     2.1537     4.6981    203.959  0.000e+00
     95.041    13.9506    38.2571     2.1525     4.6943    203.796  0.000e+00
     95.091    13.9508    38.2568     2.1525     4.6940    203.783  0.000e+00
     95.142    13.9506    38.2567     2.1513     4.6898    203.599  0.000e+00
     95.251    13.9506    38.2567     2.1513     4.6894    203.583  0.000e+00
     95.251    13.9509    38.2566     2.1500     4.6853    203.406  0.000e+00
     95.302    13.9510    38.2563     2.1500     4.6848    203.383  0.000e+00
     95.411    13.9505    38.2566     2.1500     4.6847    203.376  0.000e+00
     95.411    13.9508    38.2557     2.1488     4.6808    203.207  0.000e+00
     95.520    13.9505    38.2558     2.1476     4.6769    203.041  0.000e+00
     95.571    13.9507    38.2555     2.1488     4.6808    203.209  0.000e+00
     95.571    13.9505    38.2558     2.1488     4.6811    203.221  0.000e+00
     95.680    13.9503    38.2561     2.1464     4.6735    202.891  0.000e+00
     95.680    13.9501    38.2559     2.1464     4.6733    202.883  0.000e+00
     95.738    13.9501    38.2557     2.1464     4.6734    202.888  0.000e+00
     95.840    13.9498    38.2560     2.1452     4.6700    202.739  0.000e+00
     95.891    13.9499    38.2556     2.1452     4.6700    202.740  0.000e+00
     95.891    13.9496    38.2557     2.1452     4.6703    202.754  0.000e+00
     95.942    13.9491    38.2560     2.1439     4.6667    202.598  0.000e+00
     96.051    13.9490    38.2562     2.1427     4.6631    202.440  0.000e+00
     96.051    13.9488    38.2568     2.1427     4.6633    202.447  0.000e+00
     96.102    13.9485    38.2569     2.1427     4.6635    202.455  0.000e+00
     96.101    13.9486    38.2569     2.1415     4.6600    202.304  0.000e+00
     96.211    13.9486    38.2567     2.1415     4.6601    202.309  0.000e+00
     96.210    13.9484    38.2568     2.1415     4.6604    202.324  0.000e+00
     96.320    13.9481    38.2568     2.1415     4.6608    202.341  0.000e+00
     96.319    13.9481    38.2567     2.1403     4.6575    202.196  0.000e+00
     96.370    13.9480    38.2568     2.1403     4.6581    202.221  0.000e+00
     96.370    13.9478    38.2565     2.1390     4.6547    202.073  0.000e+00
     96.421    13.9476    38.2564     2.1390     4.6551    202.094  0.000e+00
     96.479    13.9473    38.2567     2.1390     4.6556    202.113  0.000e+00
     96.479    13.9473    38.2565     2.1378     4.6523    201.972  0.000e+00
     96.581    13.9473    38.2561     2.1378     4.6527    201.987  0.000e+00
     96.530    13.9472    38.2560     2.1378     4.6532    202.010  0.000e+00
     96.639    13.9470    38.2562     2.1366     4.6502    201.880  0.000e+00
     96.639    13.9470    38.2562     2.1366     4.6506    201.899  0.000e+00
     96.690    13.9470    38.2562     2.1366     4.6510    201.916  0.000e+00
     96.741    13.9468    38.2563     2.1354     4.6478    201.775  0.000e+00
     96.741    13.9470    38.2557     2.1354     4.6484    201.801  0.000e+00
     96.741    13.9467    38.2557     2.1354     4.6489    201.824  0.000e+00
     96.850    13.9468    38.2558     2.1342     4.6458    201.690  0.000e+00
     96.850    13.9470    38.2558     2.1342     4.6462    201.705  0.000e+00
     96.850    13.9468    38.2562     2.1342     4.6468    201.733  0.000e+00
     96.901    13.9468    38.2563     2.1329     4.6435    201.588  0.000e+00
     96.959    13.9470    38.2561     2.1329     4.6440    201.610  0.000e+00
     96.959    13.9469    38.2564     2.1329     4.6444    201.627  0.000e+00
     97.010    13.9468    38.2572     2.1329     4.6450    201.655  0.000e+00
     97.010    13.9470    38.2572     2.1329     4.6456    201.679  0.000e+00
     97.060    13.9468    38.2574     2.1329     4.6464    201.715  0.000e+00
     97.119    13.9470    38.2569     2.1317     4.6436    201.592  0.000e+00
     97.119    13.9471    38.2569     2.1317     4.6441    201.617  0.000e+00
     97.119    13.9470    38.2571     2.1317     4.6450    201.654  0.000e+00
     97.220    13.9468    38.2570     2.1317     4.6458    201.689  0.000e+00
     97.169    13.9470    38.2565     2.1317     4.6467    201.729  0.000e+00
     97.278    13.9470    38.2569     2.1305     4.6437    201.597  0.000e+00
     97.278    13.9468    38.2567     2.1305     4.6444    201.629  0.000e+00
     97.380    13.9470    38.2563     2.1293     4.6415    201.502  0.000e+00
     97.329    13.9467    38.2566     2.1293     4.6420    201.522  0.000e+00
     97.380    13.9470    38.2560     2.1293     4.6423    201.539  0.000e+00
     97.438    13.9466    38.2568     2.1293     4.6433    201.581  0.000e+00
     97.489    13.9470    38.2558     2.1293     4.6445    201.632  0.000e+00
     97.540    13.9470    38.2555     2.1293     4.6452    201.663  0.000e+00
     97.540    13.9468    38.2558     2.1293     4.6461    201.701  0.000e+00
     97.598    13.9469    38.2557     2.1293     4.6472    201.749  0.000e+00
     97.598    13.9470    38.2556     2.1281     4.6442    201.618  0.000e+00
     97.700    13.9468    38.2559     2.1281     4.6450    201.655  0.000e+00
     97.700    13.9466    38.2564     2.1293     4.6499    201.867  0.000e+00
     97.758    13.9468    38.2563     2.1281     4.6472    201.748  0.000e+00
     97.809    13.9466    38.2567     2.1281     4.6478    201.776  0.000e+00
     97.809    13.9465    38.2567     2.1268     4.6447    201.641  0.000e+00
     97.860    13.9463    38.2573     2.1268     4.6454    201.670  0.000e+00
     97.969    13.9463    38.2575     2.1268     4.6459    201.693  0.000e+00
     97.969    13.9459    38.2580     2.1256     4.6426    201.551  0.000e+00
     98.020    13.9459    38.2581     2.1256     4.6431    201.573  0.000e+00
     98.078    13.9461    38.2578     2.1256     4.6438    201.603  0.000e+00
     98.129    13.9459    38.2580     2.1268     4.6483    201.797  0.000e+00
     98.128    13.9458    38.2577     2.1268     4.6493    201.841  0.000e+00
     98.179    13.9459    38.2576     2.1268     4.6501    201.877  0.000e+00
     98.237    13.9459    38.2574     2.1256     4.6472    201.749  0.000e+00
     98.288    13.9461    38.2571     2.1256     4.6480    201.783  0.000e+00
     98.339    13.9458    38.2572     2.1256     4.6486    201.809  0.000e+00
     98.448    13.9455    38.2573     2.1256     4.6494    201.843  0.000e+00
     98.448    13.9456    38.2572     2.1256     4.6502    201.880  0.000e+00
     98.448    13.9452    38.2577     2.1256     4.6508    201.908  0.000e+00
     98.557    13.9451    38.2578     2.1256     4.6517    201.944  0.000e+00
     98.608    13.9448    38.2581     2.1244     4.6487    201.814  0.000e+00
     98.659    13.9448    38.2572     2.1244     4.6491    201.831  0.000e+00
     98.717    13.9439    38.2581     2.1244     4.6496    201.854  0.000e+00
     98.768    13.9434    38.2580     2.1244     4.6503    201.883  0.000e+00
     98.768    13.9428    38.2586     2.1244     4.6507    201.900  0.000e+00
     98.877    13.9419    38.2593     2.1244     4.6513    201.925  0.000e+00
     98.928    13.9419    38.2594     2.1244     4.6519    201.952  0.000e+00
     98.979    13.9412    38.2602     2.1244     4.6523    201.969  0.000e+00
     98.979    13.9414    38.2602     2.1244     4.6527    201.987  0.000e+00
     99.088    13.9408    38.2611     2.1244     4.6533    202.015  0.000e+00
     99.139    13.9409    38.2607     2.1232     4.6501    201.874  0.000e+00
     99.197    13.9409    38.2613     2.1232     4.6505    201.892  0.000e+00
     99.197    13.9402    38.2617     2.1232     4.6511    201.917  0.000e+00
     99.342    13.9402    38.2614     2.1232     4.6515    201.933  0.000e+00
     99.298    13.9400    38.2618     2.1232     4.6518    201.949  0.000e+00
     99.458    13.9397    38.2612     2.1232     4.6524    201.976  0.000e+00
     99.407    13.9390    38.2615     2.1232     4.6531    202.002  0.000e+00
     99.567    13.9384    38.2620     2.1232     4.6539    202.038  0.000e+00
     99.516    13.9379    38.2617     2.1232     4.6543    202.058  0.000e+00
     99.618    13.9373    38.2617     2.1232     4.6549    202.085  0.000e+00
     99.676    13.9368    38.2621     2.1232     4.6553    202.098  0.000e+00
     99.778    13.9367    38.2622     2.1219     4.6517    201.944  0.000e+00
     99.778    13.9362    38.2621     2.1219     4.6518    201.948  0.000e+00
     99.836    13.9358    38.2624     2.1219     4.6520    201.956  0.000e+00
     99.887    13.9355    38.2627     2.1219     4.6523    201.968  0.000e+00
     99.938    13.9357    38.2621     2.1219     4.6526    201.983  0.000e+00
     99.996    13.9351    38.2624     2.1207     4.6492    201.833  0.000e+00
    100.047    13.9350    38.2626     2.1207     4.6493    201.841  0.000e+00
    100.098    13.9348    38.2633     2.1207     4.6492    201.837  0.000e+00
    100.156    13.9345    38.2636     2.1207     4.6493    201.838  0.000e+00
    100.207    13.9345    38.2634     2.1219     4.6537    202.028  0.000e+00
    100.258    13.9341    38.2640     2.1219     4.6542    202.051  0.000e+00
    100.301    13.9338    38.2641     2.1207     4.6509    201.908  0.000e+00
    100.367    13.9333    38.2643     2.1207     4.6509    201.909  0.000e+00
    100.418    13.9326    38.2648     2.1207     4.6510    201.913  0.000e+00
    100.418    13.9319    38.2646     2.1207     4.6512    201.920  0.000e+00
    100.527    13.9308    38.2650     2.1207     4.6511    201.919  0.000e+00
    100.527    13.9298    38.2650     2.1207     4.6511    201.917  0.000e+00
    100.578    13.9289    38.2652     2.1207     4.6511    201.917  0.000e+00
    100.636    13.9284    38.2653     2.1207     4.6515    201.935  0.000e+00
    100.687    13.9279    38.2657     2.1207     4.6520    201.956  0.000e+00
    100.737    13.9276    38.2658     2.1195     4.6486    201.809  0.000e+00
    100.796    13.9270    38.2657     2.1195     4.6486    201.807  0.000e+00
    100.796    13.9266    38.2656     2.1195     4.6485    201.806  0.000e+00
    100.846    13.9264    38.2659     2.1195     4.6486    201.807  0.000e+00
    100.846    13.9259    38.2663     2.1195     4.6487    201.812  0.000e+00
    100.992    13.9252    38.2665     2.1195     4.6490    201.825  0.000e+00
    100.955    13.9249    38.2676     2.1195     4.6492    201.833  0.000e+00
    100.955    13.9244    38.2682     2.1195     4.6495    201.847  0.000e+00
    101.057    13.9239    38.2685     2.1195     4.6496    201.851  0.000e+00
    101.115    13.9237    38.2683     2.1195     4.6497    201.856  0.000e+00
    101.057    13.9231    38.2683     2.1183     4.6460    201.692  0.000e+00
    101.166    13.9231    38.2681     2.1183     4.6459    201.689  0.000e+00
    101.166    13.9227    38.2682     2.1183     4.6458    201.686  0.000e+00
    101.166    13.9226    38.2677     2.1183     4.6458    201.687  0.000e+00
