Data/2022/Day3/ctds/1.cnv
* Sea-Bird SBE 9 Data File:
* FileName = C:\CTD\Mir-MER\ST1_D3.hex
* Software Version Seasave V 7.26.7.121
* Temperature SN = 0809
* Conductivity SN = 3159
* Number of Bytes Per Scan = 24
* Number of Voltage Words = 4
* Number of Scans Averaged by the Deck Unit = 1
** Ship: antedon
** Station: st1 day3
** Operator:
# nquan = 7
# nvalues = 23655                                 
# units = specified
# name 0 = prDM: Pressure, Digiquartz [db]
# name 1 = t090C: Temperature [ITS-90, deg C]
# name 2 = sal00: Salinity, Practical [PSU]
# name 3 = sbeox0V: Oxygen raw, SBE 43 [V]
# name 4 = sbeox0ML/L: Oxygen, SBE 43 [ml/l]
# name 5 = sbox0Mm/Kg: Oxygen, SBE 43 [umol/kg]
# name 6 = flag:  0.000e+00
# span 0 =     -0.880,    505.871                 
# span 1 =    13.7507,    21.2981                 
# span 2 =    38.0328,    38.6957                 
# span 3 =     1.7436,     2.5545                 
# span 4 =     3.7371,     5.6456                 
# span 5 =    162.183,    245.185                 
# span 6 = 0.0000e+00, 0.0000e+00                 
# interval = seconds: 0.0416667
# start_time = Oct 13 2022 10:59:52 [System UTC, header]
# bad_flag = -9.990e-29
*END*
[from data line 9642]
    460.751    14.0030    38.6936     1.7617     3.7645    163.375  0.000e+00
    460.751    14.0032    38.6940     1.7617     3.7647    163.382  0.000e+00
    460.802    14.0032    38.6934     1.7617     3.7649    163.392  0.000e+00
    460.802    14.0032    38.6940     1.7617     3.7651    163.401  0.000e+00
    460.912    14.0032    38.6940     1.7617     3.7654    163.413  0.000e+00
    460.963    14.0037    38.6944     1.7617     3.7656    163.422  0.000e+00
    460.963    14.0038    38.6944     1.7617     3.7654    163.416  0.000e+00
    461.014    14.0040    38.6949     1.7617     3.7653    163.409  0.000e+00
    461.073    14.0044    38.6943     1.7617     3.7656    163.421  0.000e+00
    461.124    14.0043    38.6952     1.7617     3.7658    163.433  0.000e+00
    461.183    14.0044    38.6949     1.7617     3.7658    163.430  0.000e+00
    461.182    14.0046    38.6951     1.7617     3.7656    163.424  0.000e+00
    461.234    14.0046    38.6947     1.7617     3.7660    163.438  0.000e+00
    461.234    14.0047    38.6955     1.7617     3.7662    163.450  0.000e+00
    461.344    14.0046    38.6951     1.7617     3.7666    163.467  0.000e+00
    461.395    14.0046    38.6954     1.7617     3.7670    163.483  0.000e+00
    461.395    14.0043    38.6947     1.7617     3.7674    163.500  0.000e+00
    461.453    14.0040    38.6949     1.7617     3.7674    163.501  0.000e+00
    461.504    14.0037    38.6945     1.7617     3.7674    163.502  0.000e+00
    461.556    14.0033    38.6948     1.7617     3.7674    163.502  0.000e+00
    461.556    14.0027    38.6944     1.7617     3.7675    163.504  0.000e+00
    461.665    14.0024    38.6943     1.7617     3.7675    163.506  0.000e+00
    461.665    14.0022    38.6943     1.7617     3.7675    163.505  0.000e+00
    461.717    14.0018    38.6950     1.7617     3.7675    163.505  0.000e+00
    461.775    14.0015    38.6947     1.7617     3.7675    163.506  0.000e+00
    461.775    14.0012    38.6945     1.7617     3.7675    163.506  0.000e+00
    461.885    14.0007    38.6937     1.7617     3.7676    163.510  0.000e+00
    461.885    13.9998    38.6945     1.7617     3.7676    163.511  0.000e+00
    461.936    13.9993    38.6940     1.7617     3.7677    163.513  0.000e+00
    461.987    13.9985    38.6942     1.7617     3.7677    163.515  0.000e+00
    461.987    13.9980    38.6939     1.7617     3.7682    163.533  0.000e+00
    462.148    13.9975    38.6939     1.7617     3.7687    163.555  0.000e+00
    462.156    13.9971    38.6939     1.7617     3.7687    163.557  0.000e+00
    462.207    13.9968    38.6944     1.7617     3.7687    163.558  0.000e+00
    462.207    13.9963    38.6938     1.7617     3.7688    163.561  0.000e+00
    462.258    13.9959    38.6941     1.7617     3.7688    163.563  0.000e+00
    462.368    13.9953    38.6934     1.7629     3.7731    163.747  0.000e+00
    462.368    13.9948    38.6943     1.7617     3.7694    163.585  0.000e+00
    462.419    13.9943    38.6936     1.7617     3.7694    163.588  0.000e+00
    462.478    13.9936    38.6941     1.7617     3.7695    163.590  0.000e+00
    462.529    13.9933    38.6934     1.7617     3.7695    163.593  0.000e+00
    462.587    13.9927    38.6938     1.7617     3.7696    163.595  0.000e+00
    462.639    13.9924    38.6934     1.7617     3.7696    163.597  0.000e+00
    462.639    13.9921    38.6940     1.7617     3.7696    163.596  0.000e+00
    462.741    13.9914    38.6937     1.7617     3.7697    163.600  0.000e+00
    462.748    13.9914    38.6935     1.7617     3.7697    163.600  0.000e+00
    462.851    13.9911    38.6937     1.7617     3.7697    163.602  0.000e+00
    462.851    13.9911    38.6936     1.7617     3.7697    163.602  0.000e+00
    462.909    13.9909    38.6937     1.7617     3.7698    163.603  0.000e+00
    463.019    13.9907    38.6936     1.7617     3.7698    163.605  0.000e+00
    462.961    13.9909    38.6936     1.7617     3.7698    163.603  0.000e+00
    463.114    13.9907    38.6936     1.7617     3.7698    163.606  0.000e+00
    463.070    13.9907    38.6937     1.7617     3.7698    163.604  0.000e+00
    463.180    13.9904    38.6938     1.7617     3.7698    163.606  0.000e+00
    463.231    13.9902    38.6942     1.7617     3.7699    163.607  0.000e+00
    463.231    13.9904    38.6933     1.7617     3.7699    163.607  0.000e+00
    463.341    13.9900    38.6941     1.7617     3.7699    163.609  0.000e+00
    463.334    13.9901    38.6936     1.7617     3.7699    163.608  0.000e+00
    463.392    13.9900    38.6939     1.7617     3.7699    163.609  0.000e+00
    463.502    13.9900    38.6937     1.7617     3.7699    163.610  0.000e+00
    463.451    13.9903    38.6940     1.7617     3.7699    163.608  0.000e+00
    463.612    13.9902    38.6935     1.7617     3.7699    163.611  0.000e+00
    463.553    13.9902    38.6945     1.7617     3.7699    163.608  0.000e+00
    463.656    13.9903    38.6937     1.7617     3.7699    163.610  0.000e+00
    463.722    13.9902    38.6939     1.7617     3.7699    163.611  0.000e+00
    463.722    13.9902    38.6941     1.7617     3.7699    163.610  0.000e+00
    463.824    13.9903    38.6937     1.7617     3.7700    163.611  0.000e+00
    463.824    13.9897    38.6939     1.7617     3.7700    163.612  0.000e+00
    463.875    13.9897    38.6940     1.7617     3.7700    163.613  0.000e+00
    463.934    13.9896    38.6938     1.7617     3.7700    163.614  0.000e+00
    463.985    13.9896    38.6938     1.7617     3.7700    163.614  0.000e+00
    464.043    13.9897    38.6940     1.7617     3.7700    163.614  0.000e+00
    464.043    13.9896    38.6939     1.7617     3.7700    163.614  0.000e+00
    464.153    13.9899    38.6942     1.7617     3.7700    163.614  0.000e+00
    464.197    13.9899    38.6937     1.7617     3.7700    163.615  0.000e+00
    464.204    13.9897    38.6942     1.7605     3.7659    163.435  0.000e+00
    464.256    13.9897    38.6941     1.7605     3.7655    163.420  0.000e+00
    464.314    13.9899    38.6943     1.7605     3.7652    163.404  0.000e+00
    464.417    13.9896    38.6934     1.7605     3.7649    163.393  0.000e+00
    464.409    13.9896    38.6935     1.7605     3.7646    163.378  0.000e+00
    464.417    13.9890    38.6934     1.7605     3.7643    163.366  0.000e+00
    464.526    13.9887    38.6933     1.7617     3.7682    163.534  0.000e+00
    464.636    13.9882    38.6924     1.7605     3.7643    163.364  0.000e+00
    464.585    13.9874    38.6926     1.7605     3.7640    163.353  0.000e+00
    464.680    13.9865    38.6927     1.7617     3.7680    163.525  0.000e+00
    464.687    13.9860    38.6930     1.7605     3.7644    163.370  0.000e+00
    464.797    13.9860    38.6930     1.7605     3.7642    163.362  0.000e+00
    464.797    13.9851    38.6928     1.7605     3.7641    163.355  0.000e+00
    464.848    13.9842    38.6928     1.7605     3.7639    163.350  0.000e+00
    464.951    13.9835    38.6921     1.7605     3.7639    163.347  0.000e+00
    464.958    13.9831    38.6929     1.7605     3.7637    163.340  0.000e+00
    465.017    13.9827    38.6925     1.7605     3.7636    163.336  0.000e+00
    465.068    13.9818    38.6930     1.7605     3.7636    163.333  0.000e+00
    465.119    13.9815    38.6921     1.7605     3.7635    163.331  0.000e+00
    465.170    13.9810    38.6930     1.7605     3.7634    163.328  0.000e+00
    465.229    13.9808    38.6924     1.7605     3.7634    163.326  0.000e+00
    465.280    13.9806    38.6927     1.7605     3.7633    163.324  0.000e+00
    465.280    13.9807    38.6932     1.7605     3.7633    163.320  0.000e+00
    465.390    13.9809    38.6927     1.7605     3.7633    163.320  0.000e+00
    465.434    13.9808    38.6930     1.7605     3.7632    163.320  0.000e+00
    465.500    13.9806    38.6920     1.7605     3.7633    163.322  0.000e+00
    465.551    13.9804    38.6923     1.7605     3.7633    163.324  0.000e+00
    465.551    13.9798    38.6921     1.7605     3.7634    163.327  0.000e+00
    465.551    13.9799    38.6925     1.7605     3.7634    163.327  0.000e+00
    465.763    13.9795    38.6926     1.7592     3.7595    163.156  0.000e+00
    465.770    13.9795    38.6927     1.7605     3.7633    163.322  0.000e+00
    465.770    13.9795    38.6919     1.7605     3.7634    163.327  0.000e+00
    465.880    13.9789    38.6921     1.7605     3.7636    163.336  0.000e+00
    465.865    13.9785    38.6921     1.7605     3.7638    163.343  0.000e+00
    465.931    13.9781    38.6925     1.7605     3.7640    163.351  0.000e+00
    466.041    13.9783    38.6924     1.7605     3.7642    163.360  0.000e+00
    466.041    13.9780    38.6923     1.7592     3.7603    163.190  0.000e+00
    466.085    13.9783    38.6928     1.7592     3.7601    163.182  0.000e+00
    466.151    13.9789    38.6921     1.7592     3.7599    163.175  0.000e+00
    466.202    13.9786    38.6929     1.7592     3.7598    163.172  0.000e+00
    466.253    13.9782    38.6918     1.7592     3.7598    163.172  0.000e+00
    466.312    13.9774    38.6919     1.7592     3.7599    163.173  0.000e+00
    466.356    13.9774    38.6923     1.7592     3.7599    163.173  0.000e+00
    466.414    13.9777    38.6921     1.7592     3.7599    163.174  0.000e+00
    466.524    13.9776    38.6924     1.7592     3.7600    163.179  0.000e+00
    466.414    13.9774    38.6918     1.7592     3.7600    163.181  0.000e+00
    466.568    13.9769    38.6926     1.7592     3.7603    163.190  0.000e+00
    466.634    13.9770    38.6918     1.7592     3.7604    163.198  0.000e+00
    466.634    13.9767    38.6924     1.7592     3.7606    163.207  0.000e+00
    466.744    13.9767    38.6922     1.7592     3.7605    163.201  0.000e+00
    466.787    13.9769    38.6918     1.7592     3.7603    163.193  0.000e+00
    466.795    13.9767    38.6924     1.7592     3.7602    163.187  0.000e+00
    466.846    13.9769    38.6919     1.7592     3.7600    163.181  0.000e+00
    466.905    13.9769    38.6919     1.7592     3.7599    163.177  0.000e+00
    466.948    13.9767    38.6918     1.7592     3.7599    163.174  0.000e+00
    467.014    13.9764    38.6923     1.7580     3.7561    163.010  0.000e+00
    467.066    13.9767    38.6917     1.7580     3.7557    162.991  0.000e+00
    467.117    13.9767    38.6921     1.7580     3.7553    162.974  0.000e+00
    467.109    13.9765    38.6923     1.7580     3.7553    162.976  0.000e+00
    467.175    13.9766    38.6920     1.7593     3.7592    163.142  0.000e+00
    467.227    13.9766    38.6919     1.7580     3.7551    162.968  0.000e+00
    467.278    13.9765    38.6920     1.7580     3.7549    162.957  0.000e+00
    467.380    13.9764    38.6920     1.7580     3.7547    162.949  0.000e+00
    467.336    13.9761    38.6922     1.7593     3.7586    163.119  0.000e+00
    467.446    13.9764    38.6924     1.7593     3.7588    163.128  0.000e+00
    467.446    13.9767    38.6919     1.7580     3.7549    162.958  0.000e+00
    467.490    13.9767    38.6925     1.7580     3.7548    162.952  0.000e+00
    467.607    13.9771    38.6923     1.7580     3.7547    162.948  0.000e+00
    467.607    13.9771    38.6923     1.7580     3.7546    162.945  0.000e+00
    467.607    13.9774    38.6920     1.7580     3.7545    162.942  0.000e+00
    467.702    13.9771    38.6921     1.7580     3.7546    162.944  0.000e+00
    467.717    13.9771    38.6918     1.7580     3.7546    162.945  0.000e+00
    467.819    13.9767    38.6918     1.7580     3.7548    162.951  0.000e+00
    467.768    13.9766    38.6918     1.7580     3.7548    162.954  0.000e+00
    467.922    13.9764    38.6917     1.7580     3.7550    162.963  0.000e+00
    467.878    13.9761    38.6918     1.7580     3.7552    162.969  0.000e+00
    467.929    13.9758    38.6919     1.7580     3.7554    162.979  0.000e+00
    468.024    13.9754    38.6919     1.7580     3.7557    162.992  0.000e+00
    468.039    13.9749    38.6918     1.7580     3.7556    162.987  0.000e+00
    468.090    13.9750    38.6914     1.7580     3.7559    162.999  0.000e+00
    468.149    13.9752    38.6920     1.7580     3.7561    163.012  0.000e+00
    468.134    13.9756    38.6919     1.7580     3.7564    163.024  0.000e+00
    468.251    13.9757    38.6920     1.7580     3.7568    163.042  0.000e+00
    468.251    13.9755    38.6920     1.7580     3.7572    163.059  0.000e+00
    468.251    13.9756    38.6921     1.7580     3.7577    163.077  0.000e+00
    468.353    13.9756    38.6920     1.7580     3.7578    163.082  0.000e+00
    468.412    13.9757    38.6919     1.7580     3.7578    163.085  0.000e+00
    468.412    13.9758    38.6922     1.7580     3.7579    163.088  0.000e+00
    468.456    13.9763    38.6913     1.7568     3.7539    162.914  0.000e+00
    468.522    13.9754    38.6914     1.7580     3.7579    163.086  0.000e+00
    468.580    13.9742    38.6904     1.7568     3.7540    162.920  0.000e+00
    468.631    13.9732    38.6913     1.7580     3.7580    163.093  0.000e+00
    468.675    13.9730    38.6913     1.7568     3.7541    162.924  0.000e+00
    468.683    13.9732    38.6918     1.7568     3.7539    162.916  0.000e+00
    468.741    13.9733    38.6915     1.7580     3.7580    163.090  0.000e+00
    468.785    13.9732    38.6911     1.7580     3.7583    163.104  0.000e+00
    468.902    13.9727    38.6910     1.7580     3.7587    163.121  0.000e+00
    468.844    13.9718    38.6902     1.7568     3.7549    162.958  0.000e+00
    468.953    13.9710    38.6906     1.7568     3.7550    162.961  0.000e+00
    468.997    13.9698    38.6900     1.7568     3.7551    162.966  0.000e+00
    469.063    13.9688    38.6906     1.7568     3.7552    162.971  0.000e+00
    469.063    13.9680    38.6906     1.7568     3.7553    162.976  0.000e+00
    469.158    13.9676    38.6908     1.7568     3.7555    162.982  0.000e+00
    469.173    13.9675    38.6914     1.7568     3.7556    162.987  0.000e+00
    469.224    13.9675    38.6905     1.7580     3.7595    163.157  0.000e+00
    469.319    13.9675    38.6908     1.7580     3.7597    163.165  0.000e+00
    469.334    13.9671    38.6908     1.7568     3.7557    162.993  0.000e+00
    469.334    13.9672    38.6907     1.7568     3.7555    162.982  0.000e+00
    469.444    13.9672    38.6909     1.7580     3.7598    163.171  0.000e+00
    469.480    13.9672    38.6905     1.7580     3.7600    163.180  0.000e+00
    469.546    13.9673    38.6906     1.7568     3.7561    163.009  0.000e+00
    469.605    13.9670    38.6906     1.7568     3.7560    163.003  0.000e+00
    469.649    13.9670    38.6910     1.7568     3.7562    163.013  0.000e+00
    469.714    13.9672    38.6909     1.7580     3.7606    163.205  0.000e+00
    469.714    13.9669    38.6906     1.7580     3.7609    163.217  0.000e+00
    469.810    13.9670    38.6914     1.7580     3.7612    163.230  0.000e+00
    469.817    13.9670    38.6905     1.7580     3.7615    163.242  0.000e+00
    469.927    13.9668    38.6914     1.7580     3.7618    163.255  0.000e+00
    469.817    13.9668    38.6907     1.7568     3.7579    163.086  0.000e+00
    470.132    13.9668    38.6906     1.7580     3.7620    163.267  0.000e+00
    470.036    13.9668    38.6907     1.7568     3.7581    163.098  0.000e+00
    470.146    13.9668    38.6907     1.7568     3.7581    163.096  0.000e+00
    470.132    13.9670    38.6910     1.7568     3.7580    163.091  0.000e+00
    470.249    13.9668    38.6909     1.7580     3.7621    163.270  0.000e+00
    470.249    13.9668    38.6910     1.7580     3.7624    163.284  0.000e+00
    470.293    13.9668    38.6910     1.7580     3.7628    163.299  0.000e+00
    470.358    13.9668    38.6910     1.7580     3.7631    163.315  0.000e+00
    470.410    13.9671    38.6908     1.7568     3.7593    163.150  0.000e+00
    470.454    13.9668    38.6902     1.7568     3.7594    163.151  0.000e+00
