Data/2022/Day3/ctds/1.cnv
* Sea-Bird SBE 9 Data File:
* FileName = C:\CTD\Mir-MER\ST1_D3.hex
* Software Version Seasave V 7.26.7.121
* Temperature SN = 0809
* Conductivity SN = 3159
* Number of Bytes Per Scan = 24
* Number of Voltage Words = 4
* Number of Scans Averaged by the Deck Unit = 1
** Ship: antedon
** Station: st1 day3
** Operator:
# nquan = 7
# nvalues = 23655                                 
# units = specified
# name 0 = prDM: Pressure, Digiquartz [db]
# name 1 = t090C: Temperature [ITS-90, deg C]
# name 2 = sal00: Salinity, Practical [PSU]
# name 3 = sbeox0V: Oxygen raw, SBE 43 [V]
# name 4 = sbeox0ML/L: Oxygen, SBE 43 [ml/l]
# name 5 = sbox0Mm/Kg: Oxygen, SBE 43 [umol/kg]
# name 6 = flag:  0.000e+00
# span 0 =     -0.880,    505.871                 
# span 1 =    13.7507,    21.2981                 
# span 2 =    38.0328,    38.6957                 
# span 3 =     1.7436,     2.5545                 
# span 4 =     3.7371,     5.6456                 
# span 5 =    162.183,    245.185                 
# span 6 = 0.0000e+00, 0.0000e+00                 
# interval = seconds: 0.0416667
# start_time = Oct 13 2022 10:59:52 [System UTC, header]
# bad_flag = -9.990e-29
*END*
[from data line 20103]
    121.870    13.8343    38.2912     2.1075     4.6402    201.435  0.000e+00
    121.841    13.8343    38.2917     2.1075     4.6402    201.434  0.000e+00
    121.732    13.8341    38.2917     2.1075     4.6402    201.434  0.000e+00
    121.710    13.8340    38.2912     2.1075     4.6403    201.438  0.000e+00
    121.681    13.8340    38.2905     2.1075     4.6404    201.443  0.000e+00
    121.601    13.8338    38.2910     2.1075     4.6405    201.446  0.000e+00
    121.521    13.8338    38.2918     2.1062     4.6366    201.279  0.000e+00
    121.492    13.8337    38.2916     2.1075     4.6404    201.444  0.000e+00
    121.412    13.8336    38.2906     2.1062     4.6367    201.283  0.000e+00
    121.390    13.8337    38.2903     2.1075     4.6405    201.450  0.000e+00
    121.310    13.8337    38.2909     2.1062     4.6368    201.290  0.000e+00
    121.230    13.8337    38.2915     2.1075     4.6407    201.458  0.000e+00
    121.252    13.8336    38.2916     2.1062     4.6372    201.304  0.000e+00
    121.121    13.8335    38.2907     2.1075     4.6412    201.477  0.000e+00
    121.092    13.8337    38.2907     2.1062     4.6376    201.324  0.000e+00
    121.092    13.8335    38.2911     2.1075     4.6417    201.502  0.000e+00
    121.012    13.8334    38.2920     2.1062     4.6383    201.351  0.000e+00
    120.932    13.8335    38.2917     2.1075     4.6424    201.530  0.000e+00
    120.910    13.8333    38.2906     2.1062     4.6387    201.371  0.000e+00
    120.881    13.8331    38.2904     2.1075     4.6426    201.538  0.000e+00
    120.750    13.8333    38.2905     2.1075     4.6428    201.546  0.000e+00
    120.772    13.8335    38.2911     2.1050     4.6351    201.216  0.000e+00
    120.692    13.8331    38.2910     2.1075     4.6426    201.542  0.000e+00
    120.721    13.8331    38.2894     2.1062     4.6391    201.389  0.000e+00
    120.532    13.8334    38.2893     2.1050     4.6351    201.213  0.000e+00
    120.561    13.8335    38.2900     2.1050     4.6348    201.200  0.000e+00
    120.532    13.8331    38.2908     2.1075     4.6424    201.532  0.000e+00
    120.452    13.8334    38.2901     2.1062     4.6389    201.380  0.000e+00
    120.372    13.8331    38.2897     2.1062     4.6391    201.387  0.000e+00
    120.350    13.8333    38.2893     2.1075     4.6432    201.565  0.000e+00
    120.321    13.8331    38.2901     2.1062     4.6398    201.417  0.000e+00
    120.241    13.8333    38.2904     2.1075     4.6439    201.596  0.000e+00
    120.270    13.8333    38.2899     2.1062     4.6406    201.452  0.000e+00
    120.132    13.8330    38.2898     2.1075     4.6448    201.633  0.000e+00
    120.110    13.8331    38.2896     2.1062     4.6411    201.474  0.000e+00
    120.081    13.8333    38.2901     2.1075     4.6449    201.640  0.000e+00
    120.001    13.8330    38.2908     2.1075     4.6452    201.651  0.000e+00
    120.030    13.8330    38.2901     2.1062     4.6416    201.494  0.000e+00
    119.921    13.8328    38.2891     2.1075     4.6454    201.663  0.000e+00
    119.841    13.8329    38.2891     2.1075     4.6457    201.674  0.000e+00
    119.870    13.8330    38.2894     2.1062     4.6421    201.516  0.000e+00
    119.790    13.8328    38.2900     2.1075     4.6459    201.684  0.000e+00
    119.710    13.8327    38.2898     2.1062     4.6423    201.526  0.000e+00
    119.681    13.8326    38.2893     2.1075     4.6462    201.697  0.000e+00
    119.652    13.8328    38.2893     2.1075     4.6465    201.710  0.000e+00
    119.572    13.8327    38.2904     2.1075     4.6468    201.721  0.000e+00
    119.550    13.8328    38.2900     2.1075     4.6471    201.736  0.000e+00
    119.521    13.8329    38.2895     2.1075     4.6474    201.750  0.000e+00
    119.441    13.8328    38.2889     2.1075     4.6474    201.748  0.000e+00
    119.412    13.8331    38.2890     2.1087     4.6516    201.931  0.000e+00
    119.332    13.8330    38.2896     2.1075     4.6483    201.786  0.000e+00
    119.252    13.8329    38.2893     2.1087     4.6525    201.969  0.000e+00
    119.281    13.8328    38.2889     2.1075     4.6492    201.828  0.000e+00
    119.201    13.8330    38.2885     2.1087     4.6534    202.010  0.000e+00
    119.041    13.8328    38.2888     2.1075     4.6500    201.862  0.000e+00
    119.172    13.8331    38.2891     2.1087     4.6539    202.031  0.000e+00
    118.990    13.8333    38.2887     2.1087     4.6544    202.053  0.000e+00
    118.961    13.8333    38.2885     2.1087     4.6546    202.062  0.000e+00
    118.932    13.8333    38.2883     2.1087     4.6552    202.086  0.000e+00
    118.852    13.8333    38.2893     2.1087     4.6553    202.090  0.000e+00
    118.830    13.8333    38.2894     2.1087     4.6558    202.111  0.000e+00
    118.801    13.8333    38.2887     2.1087     4.6559    202.117  0.000e+00
    118.721    13.8335    38.2884     2.1099     4.6603    202.307  0.000e+00
    118.641    13.8338    38.2881     2.1099     4.6606    202.322  0.000e+00
    118.561    13.8338    38.2889     2.1099     4.6613    202.351  0.000e+00
    118.532    13.8338    38.2890     2.1099     4.6616    202.366  0.000e+00
    118.452    13.8337    38.2883     2.1111     4.6662    202.566  0.000e+00
    118.372    13.8338    38.2871     2.1111     4.6668    202.592  0.000e+00
    118.401    13.8340    38.2879     2.1111     4.6677    202.631  0.000e+00
    118.270    13.8340    38.2885     2.1111     4.6685    202.665  0.000e+00
    118.241    13.8338    38.2887     2.1111     4.6686    202.669  0.000e+00
    118.212    13.8343    38.2877     2.1111     4.6693    202.701  0.000e+00
    118.081    13.8347    38.2869     2.1111     4.6696    202.713  0.000e+00
    118.052    13.8348    38.2877     2.1111     4.6695    202.707  0.000e+00
    117.972    13.8350    38.2874     2.1111     4.6693    202.698  0.000e+00
    117.811    13.8351    38.2872     2.1111     4.6697    202.716  0.000e+00
    118.001    13.8353    38.2863     2.1111     4.6699    202.726  0.000e+00
    117.761    13.8353    38.2865     2.1123     4.6737    202.893  0.000e+00
    117.681    13.8359    38.2867     2.1123     4.6743    202.918  0.000e+00
    117.702    13.8358    38.2869     2.1123     4.6746    202.930  0.000e+00
    117.630    13.8362    38.2866     2.1123     4.6751    202.951  0.000e+00
    117.491    13.8363    38.2854     2.1123     4.6752    202.954  0.000e+00
    117.470    13.8367    38.2852     2.1123     4.6756    202.971  0.000e+00
    117.441    13.8366    38.2860     2.1123     4.6755    202.969  0.000e+00
    117.310    13.8369    38.2863     2.1123     4.6757    202.978  0.000e+00
    117.281    13.8370    38.2855     2.1123     4.6759    202.988  0.000e+00
    117.121    13.8369    38.2854     2.1123     4.6757    202.976  0.000e+00
    117.310    13.8372    38.2850     2.1136     4.6798    203.155  0.000e+00
    117.121    13.8369    38.2862     2.1136     4.6801    203.167  0.000e+00
    116.990    13.8369    38.2863     2.1136     4.6799    203.161  0.000e+00
    117.011    13.8367    38.2855     2.1136     4.6802    203.173  0.000e+00
    116.881    13.8366    38.2851     2.1136     4.6799    203.161  0.000e+00
    116.902    13.8365    38.2859     2.1136     4.6800    203.163  0.000e+00
    116.771    13.8365    38.2871     2.1136     4.6799    203.158  0.000e+00
    116.801    13.8362    38.2866     2.1136     4.6798    203.157  0.000e+00
    116.641    13.8362    38.2858     2.1148     4.6835    203.318  0.000e+00
    116.670    13.8363    38.2859     2.1148     4.6836    203.322  0.000e+00
    116.531    13.8363    38.2862     2.1148     4.6836    203.319  0.000e+00
    116.510    13.8367    38.2867     2.1148     4.6838    203.329  0.000e+00
    116.481    13.8366    38.2859     2.1148     4.6837    203.323  0.000e+00
    116.401    13.8369    38.2851     2.1148     4.6837    203.327  0.000e+00
    116.371    13.8369    38.2850     2.1160     4.6874    203.484  0.000e+00
    116.262    13.8369    38.2861     2.1160     4.6876    203.493  0.000e+00
    116.240    13.8366    38.2865     2.1160     4.6874    203.486  0.000e+00
    116.211    13.8369    38.2859     2.1160     4.6875    203.490  0.000e+00
    116.190    13.8367    38.2854     2.1160     4.6876    203.493  0.000e+00
    116.102    13.8369    38.2856     2.1172     4.6914    203.658  0.000e+00
    116.030    13.8370    38.2860     2.1172     4.6915    203.663  0.000e+00
    116.000    13.8372    38.2860     2.1160     4.6876    203.494  0.000e+00
    116.001    13.8373    38.2852     2.1172     4.6912    203.650  0.000e+00
    115.920    13.8375    38.2846     2.1160     4.6871    203.473  0.000e+00
    115.841    13.8375    38.2854     2.1172     4.6908    203.633  0.000e+00
    115.811    13.8378    38.2862     2.1172     4.6908    203.634  0.000e+00
    115.782    13.8379    38.2856     2.1172     4.6908    203.634  0.000e+00
    115.710    13.8380    38.2852     2.1172     4.6907    203.628  0.000e+00
    115.731    13.8377    38.2850     2.1184     4.6949    203.809  0.000e+00
    115.622    13.8380    38.2857     2.1184     4.6952    203.824  0.000e+00
    115.601    13.8379    38.2862     2.1184     4.6956    203.839  0.000e+00
    115.571    13.8379    38.2853     2.1184     4.6958    203.852  0.000e+00
    115.491    13.8379    38.2848     2.1184     4.6960    203.859  0.000e+00
    115.462    13.8380    38.2849     2.1184     4.6961    203.862  0.000e+00
    115.411    13.8377    38.2859     2.1197     4.7000    204.032  0.000e+00
    115.390    13.8380    38.2858     2.1197     4.7002    204.042  0.000e+00
    115.361    13.8379    38.2854     2.1184     4.6964    203.878  0.000e+00
    115.281    13.8377    38.2851     2.1197     4.7001    204.036  0.000e+00
    115.251    13.8379    38.2851     2.1197     4.7000    204.034  0.000e+00
    115.251    13.8380    38.2856     2.1197     4.7002    204.042  0.000e+00
    115.171    13.8380    38.2856     2.1197     4.7003    204.047  0.000e+00
    115.142    13.8378    38.2851     2.1209     4.7043    204.221  0.000e+00
    115.070    13.8379    38.2847     2.1197     4.7007    204.062  0.000e+00
    115.041    13.8380    38.2859     2.1209     4.7044    204.224  0.000e+00
    114.982    13.8379    38.2859     2.1209     4.7045    204.228  0.000e+00
    114.910    13.8380    38.2850     2.1209     4.7045    204.228  0.000e+00
    114.931    13.8379    38.2847     2.1209     4.7044    204.225  0.000e+00
    114.851    13.8379    38.2852     2.1209     4.7042    204.214  0.000e+00
    114.822    13.8380    38.2858     2.1209     4.7038    204.199  0.000e+00
    114.772    13.8380    38.2861     2.1209     4.7038    204.197  0.000e+00
    114.750    13.8382    38.2853     2.1221     4.7076    204.362  0.000e+00
    114.662    13.8384    38.2852     2.1221     4.7077    204.365  0.000e+00
    114.641    13.8387    38.2850     2.1221     4.7076    204.364  0.000e+00
    114.561    13.8387    38.2857     2.1221     4.7075    204.358  0.000e+00
    114.502    13.8387    38.2859     2.1221     4.7073    204.349  0.000e+00
    114.481    13.8385    38.2852     2.1221     4.7070    204.338  0.000e+00
    114.452    13.8389    38.2843     2.1221     4.7066    204.320  0.000e+00
    114.292    13.8387    38.2852     2.1221     4.7064    204.310  0.000e+00
    114.430    13.8387    38.2864     2.1221     4.7062    204.304  0.000e+00
    114.292    13.8389    38.2857     2.1221     4.7059    204.287  0.000e+00
    114.212    13.8387    38.2851     2.1221     4.7055    204.270  0.000e+00
    114.182    13.8390    38.2848     2.1233     4.7089    204.419  0.000e+00
    114.132    13.8390    38.2855     2.1233     4.7086    204.407  0.000e+00
    114.052    13.8392    38.2860     2.1233     4.7086    204.406  0.000e+00
    113.972    13.8394    38.2861     2.1233     4.7085    204.401  0.000e+00
    113.950    13.8395    38.2851     2.1221     4.7044    204.224  0.000e+00
    113.862    13.8394    38.2853     2.1233     4.7077    204.369  0.000e+00
    113.862    13.8397    38.2862     2.1233     4.7074    204.354  0.000e+00
    113.790    13.8399    38.2862     2.1233     4.7073    204.350  0.000e+00
    113.753    13.8400    38.2857     2.1233     4.7072    204.346  0.000e+00
    113.702    13.8400    38.2853     2.1233     4.7067    204.322  0.000e+00
    113.572    13.8402    38.2853     2.1233     4.7063    204.307  0.000e+00
    113.593    13.8405    38.2865     2.1233     4.7056    204.274  0.000e+00
    113.542    13.8407    38.2866     2.1233     4.7051    204.254  0.000e+00
    113.412    13.8412    38.2860     2.1233     4.7045    204.228  0.000e+00
    113.433    13.8417    38.2855     2.1233     4.7039    204.203  0.000e+00
    113.412    13.8424    38.2857     2.1233     4.7032    204.172  0.000e+00
    113.273    13.8427    38.2865     2.1233     4.7027    204.151  0.000e+00
    113.222    13.8432    38.2864     2.1233     4.7023    204.131  0.000e+00
    113.201    13.8434    38.2859     2.1233     4.7018    204.110  0.000e+00
    113.113    13.8437    38.2849     2.1233     4.7012    204.086  0.000e+00
    113.062    13.8444    38.2849     2.1233     4.7005    204.056  0.000e+00
    112.990    13.8446    38.2865     2.1233     4.6998    204.024  0.000e+00
    112.953    13.8451    38.2859     2.1233     4.6994    204.008  0.000e+00
    112.902    13.8452    38.2853     2.1233     4.6990    203.991  0.000e+00
    112.830    13.8456    38.2846     2.1233     4.6982    203.955  0.000e+00
    112.742    13.8456    38.2848     2.1233     4.6977    203.932  0.000e+00
    112.793    13.8458    38.2853     2.1233     4.6972    203.909  0.000e+00
    112.612    13.8456    38.2860     2.1233     4.6965    203.880  0.000e+00
    112.633    13.8459    38.2855     2.1233     4.6959    203.854  0.000e+00
    112.532    13.8461    38.2849     2.1233     4.6955    203.839  0.000e+00
    112.561    13.8461    38.2846     2.1233     4.6949    203.811  0.000e+00
    112.422    13.8462    38.2852     2.1233     4.6944    203.791  0.000e+00
    112.401    13.8468    38.2861     2.1233     4.6939    203.770  0.000e+00
    112.313    13.8473    38.2857     2.1233     4.6934    203.748  0.000e+00
    112.313    13.8483    38.2848     2.1233     4.6929    203.726  0.000e+00
    112.241    13.8486    38.2844     2.1233     4.6924    203.703  0.000e+00
    112.212    13.8489    38.2852     2.1233     4.6918    203.678  0.000e+00
    112.102    13.8491    38.2857     2.1233     4.6912    203.651  0.000e+00
    112.081    13.8497    38.2850     2.1233     4.6910    203.641  0.000e+00
    112.052    13.8499    38.2846     2.1233     4.6907    203.630  0.000e+00
    111.993    13.8504    38.2838     2.1233     4.6904    203.618  0.000e+00
    111.921    13.8511    38.2839     2.1233     4.6901    203.603  0.000e+00
    111.892    13.8518    38.2846     2.1233     4.6897    203.587  0.000e+00
    111.783    13.8521    38.2850     2.1233     4.6894    203.571  0.000e+00
    111.673    13.8532    38.2838     2.1233     4.6889    203.553  0.000e+00
    111.819    13.8535    38.2831     2.1233     4.6887    203.544  0.000e+00
    111.673    13.8538    38.2829     2.1233     4.6883    203.526  0.000e+00
    111.513    13.8540    38.2842     2.1233     4.6878    203.505  0.000e+00
    111.659    13.8543    38.2838     2.1233     4.6876    203.493  0.000e+00
    111.513    13.8544    38.2834     2.1233     4.6875    203.491  0.000e+00
    111.412    13.8545    38.2819     2.1233     4.6875    203.490  0.000e+00
    111.390    13.8543    38.2810     2.1221     4.6836    203.322  0.000e+00
    111.303    13.8536    38.2807     2.1221     4.6833    203.309  0.000e+00
    111.353    13.8533    38.2814     2.1221     4.6827    203.281  0.000e+00
    111.230    13.8529    38.2805     2.1221     4.6823    203.267  0.000e+00
    111.143    13.8529    38.2796     2.1221     4.6820    203.254  0.000e+00
