Data/2022/Day3/ctds/1.cnv
* Sea-Bird SBE 9 Data File:
* FileName = C:\CTD\Mir-MER\ST1_D3.hex
* Software Version Seasave V 7.26.7.121
* Temperature SN = 0809
* Conductivity SN = 3159
* Number of Bytes Per Scan = 24
* Number of Voltage Words = 4
* Number of Scans Averaged by the Deck Unit = 1
** Ship: antedon
** Station: st1 day3
** Operator:
# nquan = 7
# nvalues = 23655                                 
# units = specified
# name 0 = prDM: Pressure, Digiquartz [db]
# name 1 = t090C: Temperature [ITS-90, deg C]
# name 2 = sal00: Salinity, Practical [PSU]
# name 3 = sbeox0V: Oxygen raw, SBE 43 [V]
# name 4 = sbeox0ML/L: Oxygen, SBE 43 [ml/l]
# name 5 = sbox0Mm/Kg: Oxygen, SBE 43 [umol/kg]
# name 6 = flag:  0.000e+00
# span 0 =     -0.880,    505.871                 
# span 1 =    13.7507,    21.2981                 
# span 2 =    38.0328,    38.6957                 
# span 3 =     1.7436,     2.5545                 
# span 4 =     3.7371,     5.6456                 
# span 5 =    162.183,    245.185                 
# span 6 = 0.0000e+00, 0.0000e+00                 
# interval = seconds: 0.0416667
# start_time = Oct 13 2022 10:59:52 [System UTC, header]
# bad_flag = -9.990e-29
*END*
[from data line 23180]
      7.567    21.1443    38.2519     2.4995     4.9408    214.870  0.000e+00
      7.516    21.1438    38.2524     2.4971     4.9346    214.598  0.000e+00
      7.516    21.1439    38.2525     2.4995     4.9405    214.857  0.000e+00
      7.516    21.1441    38.2532     2.4971     4.9338    214.566  0.000e+00
      7.516    21.1450    38.2535     2.4983     4.9367    214.689  0.000e+00
      7.458    21.1460    38.2535     2.4983     4.9366    214.688  0.000e+00
      7.458    21.1471    38.2537     2.4983     4.9367    214.689  0.000e+00
      7.458    21.1478    38.2537     2.4983     4.9365    214.683  0.000e+00
      7.458    21.1485    38.2528     2.4983     4.9360    214.659  0.000e+00
      7.407    21.1485    38.2530     2.4983     4.9359    214.654  0.000e+00
      7.407    21.1485    38.2533     2.4983     4.9360    214.660  0.000e+00
      7.407    21.1488    38.2529     2.4983     4.9359    214.657  0.000e+00
      7.407    21.1487    38.2529     2.4983     4.9357    214.647  0.000e+00
      7.356    21.1487    38.2525     2.4983     4.9356    214.644  0.000e+00
      7.356    21.1487    38.2526     2.4983     4.9358    214.652  0.000e+00
      7.356    21.1487    38.2525     2.4983     4.9360    214.660  0.000e+00
      7.356    21.1487    38.2529     2.4983     4.9358    214.650  0.000e+00
      7.298    21.1485    38.2530     2.4983     4.9357    214.650  0.000e+00
      7.298    21.1487    38.2525     2.4983     4.9358    214.650  0.000e+00
      7.298    21.1485    38.2531     2.4983     4.9360    214.660  0.000e+00
      7.298    21.1488    38.2527     2.4983     4.9362    214.670  0.000e+00
      7.247    21.1487    38.2526     2.4983     4.9360    214.662  0.000e+00
      7.247    21.1483    38.2528     2.4983     4.9359    214.656  0.000e+00
      7.247    21.1483    38.2530     2.4983     4.9359    214.658  0.000e+00
      7.247    21.1483    38.2531     2.4971     4.9327    214.519  0.000e+00
      7.247    21.1481    38.2533     2.4983     4.9357    214.646  0.000e+00
      7.247    21.1487    38.2528     2.4983     4.9357    214.648  0.000e+00
      7.197    21.1490    38.2528     2.4983     4.9360    214.659  0.000e+00
      7.139    21.1490    38.2531     2.4983     4.9360    214.661  0.000e+00
      7.197    21.1494    38.2529     2.4971     4.9327    214.515  0.000e+00
      7.030    21.1494    38.2530     2.4983     4.9357    214.649  0.000e+00
      7.356    21.1492    38.2530     2.4983     4.9363    214.673  0.000e+00
      7.088    21.1494    38.2527     2.4983     4.9361    214.663  0.000e+00
      7.197    21.1494    38.2528     2.4983     4.9363    214.672  0.000e+00
      7.088    21.1494    38.2530     2.4995     4.9398    214.827  0.000e+00
      7.139    21.1494    38.2529     2.4983     4.9368    214.694  0.000e+00
      7.088    21.1495    38.2526     2.4995     4.9399    214.832  0.000e+00
      7.088    21.1495    38.2527     2.4983     4.9370    214.706  0.000e+00
      7.088    21.1494    38.2532     2.4995     4.9407    214.864  0.000e+00
      7.037    21.1494    38.2531     2.4983     4.9376    214.728  0.000e+00
      7.088    21.1494    38.2529     2.4983     4.9375    214.728  0.000e+00
      7.037    21.1492    38.2532     2.4983     4.9377    214.735  0.000e+00
      7.037    21.1497    38.2529     2.4983     4.9381    214.750  0.000e+00
      6.979    21.1497    38.2530     2.4983     4.9380    214.748  0.000e+00
      7.037    21.1497    38.2528     2.4983     4.9380    214.749  0.000e+00
      6.979    21.1495    38.2531     2.4995     4.9415    214.898  0.000e+00
      6.979    21.1497    38.2532     2.4983     4.9384    214.764  0.000e+00
      6.979    21.1503    38.2530     2.4995     4.9416    214.903  0.000e+00
      6.979    21.1506    38.2534     2.4983     4.9385    214.767  0.000e+00
      6.928    21.1511    38.2530     2.4995     4.9418    214.915  0.000e+00
      6.928    21.1511    38.2526     2.4983     4.9386    214.772  0.000e+00
      6.928    21.1508    38.2526     2.4995     4.9420    214.923  0.000e+00
      6.928    21.1506    38.2527     2.4983     4.9387    214.780  0.000e+00
      6.877    21.1504    38.2528     2.4983     4.9387    214.777  0.000e+00
      6.877    21.1503    38.2527     2.4983     4.9387    214.776  0.000e+00
      6.877    21.1503    38.2527     2.4983     4.9386    214.774  0.000e+00
      6.877    21.1499    38.2529     2.4983     4.9386    214.773  0.000e+00
      6.877    21.1499    38.2527     2.4983     4.9386    214.772  0.000e+00
      6.819    21.1499    38.2526     2.4983     4.9385    214.769  0.000e+00
      6.819    21.1499    38.2528     2.4983     4.9384    214.766  0.000e+00
      6.819    21.1501    38.2528     2.4983     4.9384    214.764  0.000e+00
      6.819    21.1499    38.2528     2.4971     4.9351    214.621  0.000e+00
      6.819    21.1499    38.2528     2.4971     4.9348    214.610  0.000e+00
      6.769    21.1499    38.2530     2.4983     4.9378    214.740  0.000e+00
      6.819    21.1499    38.2531     2.4971     4.9346    214.598  0.000e+00
      6.769    21.1501    38.2527     2.4971     4.9343    214.587  0.000e+00
      6.769    21.1501    38.2527     2.4971     4.9341    214.577  0.000e+00
      6.718    21.1495    38.2531     2.4971     4.9339    214.568  0.000e+00
      6.769    21.1494    38.2526     2.4971     4.9337    214.562  0.000e+00
      6.718    21.1494    38.2526     2.4971     4.9335    214.553  0.000e+00
      6.769    21.1492    38.2529     2.4971     4.9334    214.546  0.000e+00
      6.718    21.1494    38.2527     2.4971     4.9332    214.537  0.000e+00
      6.609    21.1492    38.2532     2.4971     4.9329    214.527  0.000e+00
      6.769    21.1494    38.2528     2.4971     4.9326    214.515  0.000e+00
      6.660    21.1495    38.2528     2.4971     4.9324    214.504  0.000e+00
      6.718    21.1495    38.2525     2.4971     4.9323    214.500  0.000e+00
      6.660    21.1494    38.2532     2.4971     4.9321    214.492  0.000e+00
      6.609    21.1495    38.2531     2.4971     4.9319    214.484  0.000e+00
      6.660    21.1495    38.2524     2.4971     4.9317    214.472  0.000e+00
      6.609    21.1495    38.2528     2.4971     4.9315    214.465  0.000e+00
      6.609    21.1497    38.2529     2.4983     4.9346    214.601  0.000e+00
      6.609    21.1495    38.2530     2.4971     4.9315    214.463  0.000e+00
      6.609    21.1495    38.2528     2.4971     4.9314    214.459  0.000e+00
      6.558    21.1494    38.2528     2.4983     4.9347    214.606  0.000e+00
      6.558    21.1497    38.2532     2.4983     4.9348    214.609  0.000e+00
      6.558    21.1499    38.2529     2.4971     4.9319    214.482  0.000e+00
      6.500    21.1497    38.2528     2.4971     4.9318    214.478  0.000e+00
      6.500    21.1499    38.2528     2.4983     4.9352    214.626  0.000e+00
      6.500    21.1499    38.2529     2.4983     4.9354    214.633  0.000e+00
      6.500    21.1499    38.2526     2.4983     4.9355    214.640  0.000e+00
      6.449    21.1501    38.2528     2.4983     4.9356    214.645  0.000e+00
      6.398    21.1497    38.2527     2.4971     4.9325    214.510  0.000e+00
      6.449    21.1497    38.2527     2.4983     4.9358    214.651  0.000e+00
      6.398    21.1495    38.2529     2.4983     4.9359    214.657  0.000e+00
      6.398    21.1495    38.2527     2.4983     4.9363    214.674  0.000e+00
      6.348    21.1494    38.2528     2.4983     4.9365    214.681  0.000e+00
      6.348    21.1495    38.2527     2.4983     4.9369    214.698  0.000e+00
      6.239    21.1494    38.2526     2.4983     4.9370    214.704  0.000e+00
      6.348    21.1497    38.2524     2.4983     4.9374    214.723  0.000e+00
      6.239    21.1499    38.2527     2.4983     4.9375    214.727  0.000e+00
      6.239    21.1497    38.2527     2.4983     4.9380    214.746  0.000e+00
      6.239    21.1497    38.2523     2.4971     4.9349    214.613  0.000e+00
      6.130    21.1495    38.2530     2.4983     4.9381    214.752  0.000e+00
      6.188    21.1495    38.2529     2.4983     4.9383    214.763  0.000e+00
      6.130    21.1495    38.2528     2.4983     4.9385    214.770  0.000e+00
      6.079    21.1495    38.2529     2.4983     4.9387    214.778  0.000e+00
      6.079    21.1495    38.2534     2.4983     4.9389    214.786  0.000e+00
      6.028    21.1501    38.2529     2.4983     4.9390    214.793  0.000e+00
      6.079    21.1501    38.2525     2.4971     4.9360    214.662  0.000e+00
      5.970    21.1495    38.2528     2.4971     4.9360    214.661  0.000e+00
      5.970    21.1492    38.2526     2.4971     4.9358    214.654  0.000e+00
      5.970    21.1488    38.2523     2.4983     4.9390    214.789  0.000e+00
      5.920    21.1488    38.2529     2.4983     4.9391    214.796  0.000e+00
      5.869    21.1490    38.2532     2.4983     4.9391    214.794  0.000e+00
      5.869    21.1490    38.2533     2.4983     4.9391    214.793  0.000e+00
      5.869    21.1494    38.2531     2.4971     4.9357    214.649  0.000e+00
      5.811    21.1499    38.2528     2.4971     4.9354    214.636  0.000e+00
      5.811    21.1497    38.2528     2.4983     4.9385    214.769  0.000e+00
      5.760    21.1499    38.2529     2.4971     4.9352    214.624  0.000e+00
      5.760    21.1495    38.2528     2.4971     4.9350    214.615  0.000e+00
      5.709    21.1494    38.2527     2.4983     4.9380    214.746  0.000e+00
      5.709    21.1492    38.2529     2.4971     4.9347    214.603  0.000e+00
      5.709    21.1494    38.2525     2.4983     4.9377    214.734  0.000e+00
      5.593    21.1494    38.2529     2.4983     4.9376    214.729  0.000e+00
      5.709    21.1494    38.2526     2.4983     4.9376    214.730  0.000e+00
      5.600    21.1495    38.2526     2.4971     4.9342    214.582  0.000e+00
      5.600    21.1494    38.2528     2.4983     4.9372    214.713  0.000e+00
      5.600    21.1492    38.2529     2.4983     4.9371    214.710  0.000e+00
      5.549    21.1492    38.2527     2.4971     4.9338    214.564  0.000e+00
      5.549    21.1492    38.2529     2.4983     4.9370    214.702  0.000e+00
      5.491    21.1494    38.2530     2.4971     4.9336    214.555  0.000e+00
      5.491    21.1492    38.2533     2.4971     4.9333    214.542  0.000e+00
      5.491    21.1497    38.2534     2.4983     4.9364    214.679  0.000e+00
      5.491    21.1501    38.2534     2.4983     4.9365    214.684  0.000e+00
      5.491    21.1504    38.2530     2.4971     4.9332    214.538  0.000e+00
      5.441    21.1503    38.2530     2.4983     4.9361    214.666  0.000e+00
      5.441    21.1499    38.2533     2.4971     4.9330    214.531  0.000e+00
      5.441    21.1499    38.2529     2.4983     4.9362    214.670  0.000e+00
      5.441    21.1495    38.2528     2.4983     4.9364    214.678  0.000e+00
      5.390    21.1494    38.2529     2.4983     4.9365    214.683  0.000e+00
      5.390    21.1495    38.2530     2.4983     4.9364    214.679  0.000e+00
      5.433    21.1495    38.2528     2.4983     4.9366    214.686  0.000e+00
      5.332    21.1494    38.2531     2.4983     4.9367    214.689  0.000e+00
      5.390    21.1503    38.2527     2.4983     4.9368    214.694  0.000e+00
      5.390    21.1499    38.2534     2.4983     4.9369    214.700  0.000e+00
      5.332    21.1506    38.2534     2.4983     4.9369    214.701  0.000e+00
      5.332    21.1510    38.2531     2.4971     4.9338    214.564  0.000e+00
      5.332    21.1511    38.2528     2.4995     4.9402    214.845  0.000e+00
      5.332    21.1513    38.2531     2.4983     4.9373    214.716  0.000e+00
      5.281    21.1516    38.2530     2.4995     4.9406    214.861  0.000e+00
      5.332    21.1517    38.2527     2.4995     4.9408    214.868  0.000e+00
      5.281    21.1516    38.2534     2.4983     4.9378    214.738  0.000e+00
      5.281    21.1520    38.2534     2.4995     4.9411    214.883  0.000e+00
      5.281    21.1523    38.2534     2.4995     4.9414    214.895  0.000e+00
      5.281    21.1525    38.2536     2.4983     4.9384    214.765  0.000e+00
      5.281    21.1525    38.2539     2.4995     4.9417    214.910  0.000e+00
      5.230    21.1527    38.2537     2.5007     4.9452    215.063  0.000e+00
      5.230    21.1527    38.2533     2.4995     4.9423    214.933  0.000e+00
      5.281    21.1529    38.2532     2.4983     4.9390    214.793  0.000e+00
      5.230    21.1529    38.2534     2.4995     4.9421    214.925  0.000e+00
      5.172    21.1527    38.2531     2.5007     4.9456    215.077  0.000e+00
      5.230    21.1525    38.2530     2.4983     4.9395    214.813  0.000e+00
      5.230    21.1525    38.2529     2.4983     4.9395    214.813  0.000e+00
      5.172    21.1527    38.2531     2.5007     4.9460    215.095  0.000e+00
      5.172    21.1525    38.2532     2.5007     4.9462    215.104  0.000e+00
      5.172    21.1522    38.2533     2.5007     4.9464    215.111  0.000e+00
      5.172    21.1525    38.2532     2.4983     4.9402    214.842  0.000e+00
      5.121    21.1527    38.2535     2.4995     4.9431    214.968  0.000e+00
      5.172    21.1529    38.2535     2.5007     4.9463    215.107  0.000e+00
      5.121    21.1529    38.2534     2.4983     4.9400    214.835  0.000e+00
      5.121    21.1533    38.2531     2.4983     4.9397    214.820  0.000e+00
      5.070    21.1534    38.2528     2.4995     4.9428    214.955  0.000e+00
      5.121    21.1529    38.2531     2.4983     4.9396    214.819  0.000e+00
      5.070    21.1525    38.2520     2.4983     4.9395    214.815  0.000e+00
      5.063    21.1513    38.2519     2.4995     4.9426    214.947  0.000e+00
      5.070    21.1503    38.2523     2.4983     4.9395    214.811  0.000e+00
      5.012    21.1501    38.2526     2.4983     4.9393    214.804  0.000e+00
      5.070    21.1501    38.2525     2.4995     4.9422    214.931  0.000e+00
      5.012    21.1499    38.2526     2.4983     4.9390    214.790  0.000e+00
      5.012    21.1499    38.2531     2.4995     4.9418    214.915  0.000e+00
      4.962    21.1501    38.2531     2.4983     4.9383    214.762  0.000e+00
      4.962    21.1501    38.2529     2.4983     4.9382    214.754  0.000e+00
      4.962    21.1499    38.2527     2.5007     4.9445    215.031  0.000e+00
      4.962    21.1499    38.2528     2.4983     4.9380    214.746  0.000e+00
      4.911    21.1499    38.2529     2.4995     4.9410    214.877  0.000e+00
      4.911    21.1497    38.2526     2.5007     4.9440    215.010  0.000e+00
      4.911    21.1499    38.2530     2.4983     4.9376    214.732  0.000e+00
      4.853    21.1499    38.2536     2.4983     4.9373    214.719  0.000e+00
      4.802    21.1504    38.2534     2.5007     4.9435    214.988  0.000e+00
      4.911    21.1506    38.2532     2.5007     4.9437    214.997  0.000e+00
      4.802    21.1510    38.2533     2.5007     4.9438    214.999  0.000e+00
      4.802    21.1513    38.2532     2.4983     4.9373    214.719  0.000e+00
      4.751    21.1513    38.2530     2.4995     4.9403    214.846  0.000e+00
      4.751    21.1511    38.2530     2.5007     4.9434    214.984  0.000e+00
      4.751    21.1511    38.2529     2.5007     4.9435    214.988  0.000e+00
      4.700    21.1517    38.2530     2.5007     4.9433    214.978  0.000e+00
      4.700    21.1518    38.2534     2.4995     4.9403    214.846  0.000e+00
      4.700    21.1522    38.2534     2.4983     4.9368    214.696  0.000e+00
      4.642    21.1525    38.2534     2.4995     4.9398    214.828  0.000e+00
      4.642    21.1529    38.2532     2.5007     4.9431    214.971  0.000e+00
      4.642    21.1531    38.2531     2.5007     4.9432    214.972  0.000e+00
      4.591    21.1531    38.2533     2.5007     4.9434    214.981  0.000e+00
      4.584    21.1533    38.2530     2.4995     4.9403    214.848  0.000e+00
      4.541    21.1534    38.2528     2.4983     4.9368    214.696  0.000e+00
