Data/2022/Day3/ctds/ST2_D3.cnv
* Sea-Bird SBE 9 Data File:
* FileName = C:\CTD\Mir-MER\ST2_D3.hex
* Software Version Seasave V 7.26.7.121
* Temperature SN = 0809
* Conductivity SN = 3159
* Number of Bytes Per Scan = 24
* Number of Voltage Words = 4
* Number of Scans Averaged by the Deck Unit = 1
** Ship: antedon
** Station: st2 day3
** Operator:
# nquan = 7
# nvalues = 6845                                  
# units = specified
# name 0 = prDM: Pressure, Digiquartz [db]
# name 1 = t090C: Temperature [ITS-90, deg C]
# name 2 = sal00: Salinity, Practical [PSU]
# name 3 = sbeox0V: Oxygen raw, SBE 43 [V]
# name 4 = sbeox0ML/L: Oxygen, SBE 43 [ml/l]
# name 5 = sbox0Mm/Kg: Oxygen, SBE 43 [umol/kg]
# name 6 = flag:  0.000e+00
# span 0 =     -0.994,     52.207                 
# span 1 =    18.2223,    21.4206                 
# span 2 =     2.9378,    38.2815                 
# span 3 =     2.3151,     2.5239                 
# span 4 =     4.3770,     6.2221                 
# span 5 =    190.359,    277.412                 
# span 6 = 0.0000e+00, 0.0000e+00                 
# interval = seconds: 0.0416667
# start_time = Oct 13 2022 12:06:46 [System UTC, header]
# bad_flag = -9.990e-29
*END*
[from data line 5744]
     15.483    21.0608    38.2404     2.4775     4.9025    213.199  0.000e+00
     15.490    21.0608    38.2403     2.4775     4.9025    213.198  0.000e+00
     15.490    21.0610    38.2399     2.4775     4.9024    213.197  0.000e+00
     15.490    21.0610    38.2402     2.4787     4.9056    213.337  0.000e+00
     15.490    21.0610    38.2402     2.4775     4.9025    213.200  0.000e+00
     15.432    21.0608    38.2400     2.4775     4.9024    213.195  0.000e+00
     15.432    21.0603    38.2399     2.4775     4.9023    213.192  0.000e+00
     15.432    21.0599    38.2402     2.4775     4.9022    213.187  0.000e+00
     15.432    21.0598    38.2408     2.4775     4.9021    213.181  0.000e+00
     15.432    21.0601    38.2406     2.4775     4.9019    213.173  0.000e+00
     15.432    21.0603    38.2402     2.4775     4.9019    213.174  0.000e+00
     15.381    21.0605    38.2402     2.4775     4.9019    213.173  0.000e+00
     15.381    21.0605    38.2400     2.4775     4.9019    213.174  0.000e+00
     15.272    21.0605    38.2405     2.4775     4.9018    213.171  0.000e+00
     15.483    21.0606    38.2402     2.4775     4.9019    213.176  0.000e+00
     15.381    21.0610    38.2398     2.4775     4.9018    213.172  0.000e+00
     15.381    21.0608    38.2397     2.4775     4.9018    213.172  0.000e+00
     15.330    21.0610    38.2395     2.4763     4.8985    213.027  0.000e+00
     15.330    21.0608    38.2393     2.4763     4.8983    213.018  0.000e+00
     15.330    21.0606    38.2397     2.4775     4.9013    213.150  0.000e+00
     15.323    21.0608    38.2399     2.4763     4.8980    213.005  0.000e+00
     15.330    21.0612    38.2399     2.4775     4.9010    213.135  0.000e+00
     15.330    21.0613    38.2401     2.4775     4.9009    213.132  0.000e+00
     15.221    21.0618    38.2390     2.4763     4.8975    212.984  0.000e+00
     15.272    21.0617    38.2391     2.4775     4.9006    213.117  0.000e+00
     15.272    21.0609    38.2394     2.4775     4.9006    213.117  0.000e+00
     15.221    21.0606    38.2397     2.4775     4.9007    213.123  0.000e+00
     15.221    21.0603    38.2394     2.4775     4.9007    213.122  0.000e+00
     15.221    21.0603    38.2398     2.4775     4.9008    213.127  0.000e+00
     15.171    21.0601    38.2398     2.4775     4.9007    213.123  0.000e+00
     15.171    21.0605    38.2395     2.4775     4.9006    213.118  0.000e+00
     15.171    21.0605    38.2396     2.4775     4.9005    213.114  0.000e+00
     15.062    21.0605    38.2402     2.4775     4.9003    213.106  0.000e+00
     15.112    21.0606    38.2400     2.4775     4.9002    213.102  0.000e+00
     15.062    21.0606    38.2399     2.4775     4.9001    213.095  0.000e+00
     15.062    21.0610    38.2393     2.4775     4.8999    213.089  0.000e+00
     15.062    21.0608    38.2398     2.4775     4.8998    213.083  0.000e+00
     15.011    21.0608    38.2399     2.4775     4.8996    213.075  0.000e+00
     14.953    21.0608    38.2397     2.4775     4.8994    213.067  0.000e+00
     14.902    21.0610    38.2396     2.4775     4.8992    213.057  0.000e+00
     14.953    21.0612    38.2397     2.4775     4.8993    213.060  0.000e+00
     14.902    21.0610    38.2398     2.4775     4.8993    213.061  0.000e+00
     14.851    21.0610    38.2399     2.4775     4.8993    213.061  0.000e+00
     14.851    21.0612    38.2396     2.4775     4.8991    213.053  0.000e+00
     14.793    21.0608    38.2398     2.4775     4.8989    213.045  0.000e+00
     14.793    21.0608    38.2396     2.4787     4.9022    213.189  0.000e+00
     14.691    21.0610    38.2396     2.4775     4.8991    213.053  0.000e+00
     14.742    21.0608    38.2401     2.4775     4.8992    213.055  0.000e+00
     14.583    21.0612    38.2399     2.4775     4.8991    213.051  0.000e+00
     14.684    21.0612    38.2397     2.4787     4.9024    213.197  0.000e+00
     14.583    21.0610    38.2401     2.4787     4.9026    213.204  0.000e+00
     14.583    21.0613    38.2401     2.4787     4.9028    213.212  0.000e+00
     14.532    21.0613    38.2397     2.4775     4.8999    213.087  0.000e+00
     14.532    21.0612    38.2398     2.4775     4.8999    213.087  0.000e+00
     14.474    21.0612    38.2397     2.4775     4.8999    213.086  0.000e+00
     14.423    21.0613    38.2392     2.4787     4.9031    213.227  0.000e+00
     14.423    21.0612    38.2396     2.4787     4.9033    213.236  0.000e+00
     14.372    21.0615    38.2396     2.4787     4.9034    213.242  0.000e+00
     14.372    21.0613    38.2394     2.4775     4.9004    213.108  0.000e+00
     14.314    21.0613    38.2397     2.4775     4.9003    213.105  0.000e+00
     14.263    21.0612    38.2398     2.4775     4.9003    213.103  0.000e+00
     14.263    21.0613    38.2398     2.4775     4.9002    213.102  0.000e+00
     14.263    21.0612    38.2395     2.4775     4.9002    213.101  0.000e+00
     14.154    21.0612    38.2399     2.4775     4.9001    213.097  0.000e+00
     14.154    21.0615    38.2398     2.4775     4.9001    213.095  0.000e+00
     14.154    21.0613    38.2402     2.4775     4.9000    213.094  0.000e+00
     14.103    21.0615    38.2400     2.4775     4.8998    213.081  0.000e+00
     14.053    21.0618    38.2400     2.4775     4.8994    213.067  0.000e+00
     14.053    21.0617    38.2401     2.4775     4.8994    213.066  0.000e+00
     14.002    21.0618    38.2396     2.4775     4.8991    213.053  0.000e+00
     13.944    21.0618    38.2398     2.4787     4.9023    213.191  0.000e+00
     14.002    21.0620    38.2405     2.4775     4.8992    213.055  0.000e+00
     13.944    21.0626    38.2401     2.4775     4.8988    213.040  0.000e+00
     13.944    21.0626    38.2397     2.4775     4.8988    213.038  0.000e+00
     13.842    21.0628    38.2401     2.4775     4.8986    213.031  0.000e+00
     13.893    21.0628    38.2402     2.4787     4.9018    213.171  0.000e+00
     13.784    21.0629    38.2401     2.4787     4.9019    213.173  0.000e+00
     13.842    21.0629    38.2403     2.4787     4.9020    213.180  0.000e+00
     13.784    21.0633    38.2399     2.4775     4.8988    213.040  0.000e+00
     13.733    21.0633    38.2400     2.4775     4.8987    213.035  0.000e+00
     13.733    21.0633    38.2400     2.4775     4.8986    213.031  0.000e+00
     13.624    21.0633    38.2401     2.4775     4.8984    213.023  0.000e+00
     13.784    21.0634    38.2400     2.4775     4.8984    213.023  0.000e+00
     13.682    21.0634    38.2400     2.4775     4.8982    213.016  0.000e+00
     13.624    21.0636    38.2397     2.4775     4.8981    213.010  0.000e+00
     13.624    21.0638    38.2396     2.4775     4.8980    213.005  0.000e+00
     13.573    21.0638    38.2396     2.4775     4.8979    213.000  0.000e+00
     13.573    21.0640    38.2394     2.4775     4.8978    212.995  0.000e+00
     13.573    21.0640    38.2396     2.4775     4.8977    212.990  0.000e+00
     13.573    21.0640    38.2393     2.4787     4.9008    213.129  0.000e+00
     13.523    21.0644    38.2397     2.4775     4.8976    212.988  0.000e+00
     13.465    21.0641    38.2397     2.4787     4.9008    213.125  0.000e+00
     13.523    21.0643    38.2396     2.4775     4.8976    212.988  0.000e+00
     13.465    21.0643    38.2397     2.4775     4.8974    212.981  0.000e+00
     13.414    21.0643    38.2400     2.4775     4.8975    212.984  0.000e+00
     13.465    21.0647    38.2398     2.4787     4.9007    213.122  0.000e+00
     13.414    21.0650    38.2399     2.4787     4.9007    213.123  0.000e+00
     13.363    21.0649    38.2396     2.4787     4.9008    213.127  0.000e+00
     13.414    21.0652    38.2394     2.4787     4.9011    213.140  0.000e+00
     13.363    21.0649    38.2395     2.4787     4.9014    213.153  0.000e+00
     13.356    21.0652    38.2394     2.4787     4.9017    213.165  0.000e+00
     13.363    21.0652    38.2394     2.4775     4.8985    213.026  0.000e+00
     13.363    21.0654    38.2396     2.4775     4.8983    213.019  0.000e+00
     13.305    21.0657    38.2396     2.4787     4.9014    213.153  0.000e+00
     13.305    21.0656    38.2397     2.4787     4.9017    213.166  0.000e+00
     13.305    21.0657    38.2394     2.4787     4.9020    213.179  0.000e+00
     13.305    21.0657    38.2397     2.4775     4.8990    213.048  0.000e+00
     13.254    21.0656    38.2398     2.4775     4.8988    213.042  0.000e+00
     13.305    21.0657    38.2396     2.4775     4.8987    213.037  0.000e+00
     13.254    21.0657    38.2394     2.4787     4.9018    213.173  0.000e+00
     13.254    21.0656    38.2394     2.4787     4.9019    213.176  0.000e+00
     13.254    21.0661    38.2398     2.4775     4.8987    213.034  0.000e+00
     13.203    21.0664    38.2399     2.4775     4.8984    213.025  0.000e+00
     13.254    21.0668    38.2397     2.4787     4.9016    213.161  0.000e+00
     13.203    21.0669    38.2401     2.4787     4.9016    213.161  0.000e+00
     13.203    21.0671    38.2399     2.4787     4.9016    213.162  0.000e+00
     13.203    21.0671    38.2395     2.4787     4.9017    213.164  0.000e+00
     13.145    21.0668    38.2397     2.4787     4.9017    213.165  0.000e+00
     13.145    21.0669    38.2393     2.4775     4.8984    213.023  0.000e+00
     13.145    21.0668    38.2397     2.4775     4.8984    213.024  0.000e+00
     13.094    21.0668    38.2400     2.4775     4.8982    213.015  0.000e+00
     13.094    21.0669    38.2400     2.4787     4.9013    213.148  0.000e+00
     13.094    21.0671    38.2403     2.4775     4.8980    213.005  0.000e+00
     13.044    21.0675    38.2400     2.4775     4.8978    212.995  0.000e+00
     13.044    21.0677    38.2400     2.4775     4.8978    212.995  0.000e+00
     13.044    21.0680    38.2401     2.4775     4.8978    212.995  0.000e+00
     12.985    21.0685    38.2404     2.4775     4.8977    212.993  0.000e+00
     12.985    21.0687    38.2407     2.4775     4.8975    212.985  0.000e+00
     12.985    21.0694    38.2410     2.4775     4.8973    212.974  0.000e+00
     12.884    21.0698    38.2407     2.4775     4.8970    212.964  0.000e+00
     12.935    21.0701    38.2404     2.4775     4.8969    212.957  0.000e+00
     12.884    21.0703    38.2401     2.4775     4.8967    212.948  0.000e+00
     12.826    21.0705    38.2401     2.4775     4.8965    212.938  0.000e+00
     12.826    21.0705    38.2400     2.4775     4.8963    212.931  0.000e+00
     12.826    21.0705    38.2403     2.4775     4.8961    212.924  0.000e+00
     12.775    21.0705    38.2401     2.4775     4.8959    212.915  0.000e+00
     12.775    21.0705    38.2403     2.4775     4.8958    212.908  0.000e+00
     12.724    21.0708    38.2400     2.4775     4.8955    212.898  0.000e+00
     12.666    21.0715    38.2395     2.4775     4.8955    212.897  0.000e+00
     12.666    21.0715    38.2399     2.4775     4.8953    212.889  0.000e+00
     12.666    21.0720    38.2392     2.4775     4.8954    212.891  0.000e+00
     12.456    21.0717    38.2399     2.4775     4.8951    212.879  0.000e+00
     12.775    21.0720    38.2395     2.4775     4.8951    212.880  0.000e+00
     12.564    21.0720    38.2394     2.4775     4.8948    212.869  0.000e+00
     12.506    21.0719    38.2396     2.4775     4.8949    212.870  0.000e+00
     12.564    21.0717    38.2394     2.4787     4.8983    213.019  0.000e+00
     12.456    21.0719    38.2395     2.4787     4.8985    213.028  0.000e+00
     12.456    21.0719    38.2394     2.4775     4.8955    212.898  0.000e+00
     12.456    21.0719    38.2399     2.4775     4.8956    212.901  0.000e+00
     12.405    21.0719    38.2397     2.4787     4.8989    213.047  0.000e+00
     12.405    21.0719    38.2399     2.4775     4.8958    212.908  0.000e+00
     12.347    21.0722    38.2394     2.4775     4.8956    212.900  0.000e+00
     12.405    21.0720    38.2398     2.4787     4.8990    213.049  0.000e+00
     12.136    21.0722    38.2397     2.4787     4.8991    213.055  0.000e+00
     12.456    21.0720    38.2396     2.4787     4.8996    213.077  0.000e+00
     12.245    21.0722    38.2396     2.4787     4.8996    213.075  0.000e+00
     12.296    21.0722    38.2395     2.4787     4.8997    213.080  0.000e+00
     12.245    21.0724    38.2394     2.4787     4.8997    213.081  0.000e+00
     12.194    21.0722    38.2396     2.4787     4.9000    213.092  0.000e+00
     12.194    21.0724    38.2398     2.4787     4.9002    213.103  0.000e+00
     12.194    21.0722    38.2398     2.4787     4.9003    213.107  0.000e+00
     12.136    21.0724    38.2399     2.4787     4.9003    213.107  0.000e+00
     12.085    21.0726    38.2393     2.4787     4.9006    213.117  0.000e+00
     12.136    21.0726    38.2394     2.4787     4.9008    213.130  0.000e+00
     12.085    21.0722    38.2397     2.4787     4.9011    213.141  0.000e+00
     12.034    21.0726    38.2396     2.4787     4.9013    213.150  0.000e+00
     11.926    21.0726    38.2393     2.4787     4.9015    213.159  0.000e+00
     12.136    21.0724    38.2390     2.4787     4.9017    213.167  0.000e+00
     12.034    21.0724    38.2394     2.4799     4.9049    213.308  0.000e+00
     11.976    21.0724    38.2395     2.4799     4.9051    213.316  0.000e+00
     11.976    21.0724    38.2393     2.4799     4.9056    213.335  0.000e+00
     11.926    21.0724    38.2396     2.4799     4.9057    213.342  0.000e+00
     11.817    21.0722    38.2401     2.4799     4.9059    213.347  0.000e+00
     12.085    21.0724    38.2398     2.4799     4.9062    213.361  0.000e+00
     11.766    21.0726    38.2395     2.4799     4.9061    213.359  0.000e+00
     11.926    21.0726    38.2398     2.4787     4.9031    213.226  0.000e+00
     11.817    21.0729    38.2393     2.4787     4.9029    213.219  0.000e+00
     11.926    21.0731    38.2393     2.4787     4.9029    213.217  0.000e+00
     11.817    21.0731    38.2392     2.4787     4.9027    213.210  0.000e+00
     11.875    21.0731    38.2393     2.4787     4.9026    213.206  0.000e+00
     11.657    21.0731    38.2392     2.4799     4.9056    213.338  0.000e+00
     11.926    21.0734    38.2390     2.4799     4.9058    213.347  0.000e+00
     11.817    21.0731    38.2397     2.4799     4.9058    213.346  0.000e+00
     11.715    21.0731    38.2394     2.4799     4.9058    213.346  0.000e+00
     11.766    21.0733    38.2389     2.4787     4.9026    213.205  0.000e+00
     11.715    21.0733    38.2392     2.4787     4.9023    213.195  0.000e+00
     11.766    21.0734    38.2389     2.4787     4.9022    213.187  0.000e+00
     11.657    21.0733    38.2393     2.4799     4.9052    213.317  0.000e+00
     11.715    21.0733    38.2390     2.4787     4.9019    213.175  0.000e+00
     11.606    21.0734    38.2389     2.4787     4.9016    213.161  0.000e+00
     11.606    21.0733    38.2390     2.4787     4.9013    213.151  0.000e+00
     11.555    21.0731    38.2398     2.4787     4.9010    213.138  0.000e+00
     11.606    21.0734    38.2393     2.4787     4.9008    213.126  0.000e+00
     11.555    21.0734    38.2395     2.4787     4.9005    213.112  0.000e+00
     11.555    21.0736    38.2397     2.4787     4.9004    213.108  0.000e+00
     11.497    21.0741    38.2399     2.4787     4.9002    213.101  0.000e+00
     11.555    21.0747    38.2396     2.4787     4.8999    213.089  0.000e+00
     11.497    21.0750    38.2391     2.4787     4.8996    213.073  0.000e+00
     11.447    21.0749    38.2396     2.4787     4.8994    213.068  0.000e+00
     11.497    21.0750    38.2402     2.4787     4.8991    213.055  0.000e+00
     11.497    21.0757    38.2405     2.4787     4.8987    213.038  0.000e+00
     11.447    21.0768    38.2401     2.4787     4.8985    213.028  0.000e+00
     11.447    21.0777    38.2394     2.4787     4.8984    213.021  0.000e+00
     11.396    21.0784    38.2394     2.4787     4.8981    213.013  0.000e+00
