Data/2022/Day3/ctds/ST2_D3.cnv
* Sea-Bird SBE 9 Data File:
* FileName = C:\CTD\Mir-MER\ST2_D3.hex
* Software Version Seasave V 7.26.7.121
* Temperature SN = 0809
* Conductivity SN = 3159
* Number of Bytes Per Scan = 24
* Number of Voltage Words = 4
* Number of Scans Averaged by the Deck Unit = 1
** Ship: antedon
** Station: st2 day3
** Operator:
# nquan = 7
# nvalues = 6845                                  
# units = specified
# name 0 = prDM: Pressure, Digiquartz [db]
# name 1 = t090C: Temperature [ITS-90, deg C]
# name 2 = sal00: Salinity, Practical [PSU]
# name 3 = sbeox0V: Oxygen raw, SBE 43 [V]
# name 4 = sbeox0ML/L: Oxygen, SBE 43 [ml/l]
# name 5 = sbox0Mm/Kg: Oxygen, SBE 43 [umol/kg]
# name 6 = flag:  0.000e+00
# span 0 =     -0.994,     52.207                 
# span 1 =    18.2223,    21.4206                 
# span 2 =     2.9378,    38.2815                 
# span 3 =     2.3151,     2.5239                 
# span 4 =     4.3770,     6.2221                 
# span 5 =    190.359,    277.412                 
# span 6 = 0.0000e+00, 0.0000e+00                 
# interval = seconds: 0.0416667
# start_time = Oct 13 2022 12:06:46 [System UTC, header]
# bad_flag = -9.990e-29
*END*
[from data line 3283]
     52.052    18.2697    38.1957     2.4469     5.1082    221.992  0.000e+00
     52.052    18.2694    38.1958     2.4457     5.1045    221.831  0.000e+00
     52.081    18.2695    38.1958     2.4457     5.1040    221.811  0.000e+00
     52.001    18.2697    38.1958     2.4457     5.1035    221.790  0.000e+00
     52.052    18.2695    38.1957     2.4457     5.1032    221.775  0.000e+00
     52.052    18.2695    38.1958     2.4457     5.1028    221.759  0.000e+00
     52.001    18.2693    38.1958     2.4457     5.1025    221.744  0.000e+00
     52.052    18.2697    38.1970     2.4457     5.1021    221.729  0.000e+00
     52.001    18.2722    38.1993     2.4457     5.1015    221.701  0.000e+00
     52.001    18.2769    38.2001     2.4457     5.1008    221.670  0.000e+00
     52.052    18.2820    38.1994     2.4457     5.1001    221.642  0.000e+00
     51.950    18.2854    38.1982     2.4457     5.0996    221.619  0.000e+00
     52.001    18.2879    38.1989     2.4445     5.0957    221.450  0.000e+00
     52.001    18.2917    38.1984     2.4445     5.0950    221.419  0.000e+00
     51.950    18.2952    38.1983     2.4445     5.0943    221.389  0.000e+00
     51.950    18.2988    38.1996     2.4445     5.0936    221.360  0.000e+00
     51.950    18.3050    38.2020     2.4445     5.0927    221.321  0.000e+00
     51.950    18.3137    38.2013     2.4445     5.0917    221.277  0.000e+00
     51.950    18.3198    38.1997     2.4445     5.0907    221.235  0.000e+00
     51.892    18.3242    38.1990     2.4445     5.0902    221.212  0.000e+00
     51.892    18.3299    38.2000     2.4445     5.0895    221.183  0.000e+00
     51.892    18.3373    38.2003     2.4445     5.0887    221.150  0.000e+00
     51.892    18.3444    38.1985     2.4445     5.0881    221.123  0.000e+00
     51.892    18.3482    38.1970     2.4445     5.0878    221.112  0.000e+00
     51.841    18.3513    38.1962     2.4445     5.0874    221.092  0.000e+00
     51.841    18.3551    38.1981     2.4433     5.0836    220.927  0.000e+00
     51.841    18.3611    38.1996     2.4433     5.0829    220.896  0.000e+00
     51.790    18.3682    38.1999     2.4433     5.0818    220.852  0.000e+00
     51.841    18.3753    38.1992     2.4433     5.0812    220.826  0.000e+00
     51.790    18.3824    38.1997     2.4433     5.0803    220.786  0.000e+00
     51.790    18.3899    38.1995     2.4433     5.0794    220.748  0.000e+00
     51.790    18.3973    38.1987     2.4433     5.0786    220.714  0.000e+00
     51.659    18.4031    38.1973     2.4433     5.0779    220.685  0.000e+00
     51.892    18.4076    38.1959     2.4433     5.0779    220.685  0.000e+00
     51.732    18.4110    38.1957     2.4420     5.0743    220.528  0.000e+00
     51.732    18.4147    38.1959     2.4433     5.0773    220.658  0.000e+00
     51.681    18.4197    38.1991     2.4433     5.0768    220.637  0.000e+00
     51.732    18.4305    38.2001     2.4433     5.0759    220.599  0.000e+00
     51.681    18.4398    38.1990     2.4433     5.0753    220.570  0.000e+00
     51.681    18.4460    38.1956     2.4433     5.0750    220.561  0.000e+00
     51.681    18.4495    38.1950     2.4433     5.0747    220.549  0.000e+00
     51.630    18.4531    38.1948     2.4433     5.0747    220.548  0.000e+00
     51.630    18.4565    38.1942     2.4433     5.0748    220.552  0.000e+00
     51.681    18.4594    38.1940     2.4433     5.0750    220.560  0.000e+00
     51.630    18.4627    38.1944     2.4433     5.0751    220.564  0.000e+00
     51.630    18.4660    38.1938     2.4433     5.0753    220.574  0.000e+00
     51.630    18.4691    38.1920     2.4433     5.0756    220.588  0.000e+00
     51.630    18.4708    38.1909     2.4433     5.0758    220.597  0.000e+00
     51.572    18.4713    38.1896     2.4433     5.0761    220.611  0.000e+00
     51.630    18.4704    38.1899     2.4433     5.0766    220.633  0.000e+00
     51.572    18.4693    38.1896     2.4433     5.0769    220.644  0.000e+00
     51.572    18.4679    38.1902     2.4433     5.0772    220.658  0.000e+00
     51.630    18.4670    38.1915     2.4433     5.0775    220.670  0.000e+00
     51.572    18.4675    38.1919     2.4433     5.0776    220.676  0.000e+00
     51.572    18.4682    38.1916     2.4433     5.0778    220.684  0.000e+00
     51.630    18.4684    38.1919     2.4433     5.0781    220.697  0.000e+00
     51.571    18.4684    38.1924     2.4433     5.0784    220.707  0.000e+00
     51.571    18.4686    38.1918     2.4433     5.0787    220.721  0.000e+00
     51.601    18.4687    38.1917     2.4433     5.0790    220.736  0.000e+00
     51.571    18.4688    38.1918     2.4433     5.0794    220.751  0.000e+00
     51.571    18.4682    38.1918     2.4433     5.0798    220.770  0.000e+00
     51.571    18.4679    38.1922     2.4433     5.0800    220.777  0.000e+00
     51.630    18.4679    38.1917     2.4445     5.0836    220.937  0.000e+00
     51.629    18.4675    38.1911     2.4445     5.0841    220.957  0.000e+00
     51.571    18.4665    38.1904     2.4433     5.0811    220.826  0.000e+00
     51.680    18.4646    38.1914     2.4445     5.0850    220.994  0.000e+00
     51.571    18.4642    38.1914     2.4433     5.0819    220.859  0.000e+00
     51.680    18.4634    38.1907     2.4445     5.0857    221.026  0.000e+00
     51.629    18.4624    38.1912     2.4445     5.0862    221.047  0.000e+00
     51.629    18.4610    38.1923     2.4445     5.0867    221.069  0.000e+00
     51.680    18.4604    38.1912     2.4445     5.0872    221.093  0.000e+00
     51.680    18.4591    38.1928     2.4445     5.0877    221.115  0.000e+00
     51.680    18.4603    38.1923     2.4445     5.0881    221.129  0.000e+00
     51.680    18.4585    38.1883     2.4445     5.0888    221.161  0.000e+00
     51.731    18.4525    38.1869     2.4457     5.0931    221.349  0.000e+00
     51.680    18.4465    38.1858     2.4457     5.0941    221.391  0.000e+00
     51.731    18.4396    38.1856     2.4457     5.0952    221.439  0.000e+00
     51.731    18.4331    38.1873     2.4457     5.0962    221.479  0.000e+00
     51.731    18.4284    38.1889     2.4457     5.0969    221.511  0.000e+00
     51.789    18.4248    38.1906     2.4457     5.0976    221.539  0.000e+00
     51.789    18.4226    38.1911     2.4457     5.0980    221.561  0.000e+00
     51.789    18.4201    38.1906     2.4457     5.0986    221.583  0.000e+00
     51.789    18.4170    38.1892     2.4457     5.0992    221.610  0.000e+00
     51.789    18.4117    38.1877     2.4457     5.0997    221.633  0.000e+00
     51.760    18.4057    38.1864     2.4457     5.1005    221.668  0.000e+00
     51.891    18.3981    38.1846     2.4457     5.1016    221.714  0.000e+00
     51.891    18.3895    38.1867     2.4469     5.1060    221.906  0.000e+00
     51.840    18.3836    38.1899     2.4469     5.1069    221.942  0.000e+00
     51.840    18.3807    38.1912     2.4469     5.1075    221.967  0.000e+00
     51.891    18.3767    38.1871     2.4469     5.1083    222.005  0.000e+00
     51.840    18.3661    38.1818     2.4469     5.1098    222.070  0.000e+00
     51.949    18.3516    38.1841     2.4469     5.1115    222.142  0.000e+00
     51.890    18.3430    38.1878     2.4469     5.1124    222.182  0.000e+00
     51.890    18.3367    38.1899     2.4481     5.1167    222.366  0.000e+00
     51.949    18.3314    38.1911     2.4469     5.1141    222.253  0.000e+00
     51.949    18.3274    38.1933     2.4481     5.1180    222.424  0.000e+00
     51.890    18.3253    38.1949     2.4481     5.1185    222.443  0.000e+00
     51.949    18.3243    38.1957     2.4481     5.1189    222.460  0.000e+00
     51.999    18.3243    38.1968     2.4469     5.1156    222.318  0.000e+00
     51.948    18.3252    38.1983     2.4481     5.1189    222.460  0.000e+00
     51.999    18.3267    38.1936     2.4481     5.1191    222.469  0.000e+00
     51.948    18.3228    38.1892     2.4481     5.1197    222.496  0.000e+00
     51.999    18.3157    38.1897     2.4481     5.1205    222.531  0.000e+00
     51.999    18.3103    38.1929     2.4481     5.1210    222.551  0.000e+00
     51.999    18.3071    38.1956     2.4481     5.1212    222.561  0.000e+00
     51.999    18.3047    38.1949     2.4481     5.1214    222.569  0.000e+00
     51.999    18.3021    38.1943     2.4481     5.1216    222.577  0.000e+00
     51.999    18.2993    38.1937     2.4481     5.1218    222.584  0.000e+00
     52.050    18.2969    38.1929     2.4481     5.1219    222.589  0.000e+00
     51.999    18.2942    38.1934     2.4481     5.1219    222.590  0.000e+00
     52.050    18.2915    38.1932     2.4481     5.1219    222.591  0.000e+00
     51.999    18.2890    38.1932     2.4481     5.1221    222.599  0.000e+00
     52.050    18.2867    38.1934     2.4469     5.1188    222.454  0.000e+00
     51.999    18.2847    38.1935     2.4481     5.1218    222.587  0.000e+00
     52.050    18.2829    38.1936     2.4481     5.1219    222.590  0.000e+00
     51.868    18.2815    38.1941     2.4469     5.1180    222.419  0.000e+00
     52.159    18.2802    38.1944     2.4469     5.1178    222.412  0.000e+00
     52.050    18.2795    38.1949     2.4469     5.1173    222.390  0.000e+00
     51.999    18.2791    38.1951     2.4469     5.1168    222.368  0.000e+00
     52.050    18.2793    38.1951     2.4469     5.1163    222.346  0.000e+00
     51.999    18.2796    38.1960     2.4469     5.1157    222.318  0.000e+00
     52.050    18.2807    38.1964     2.4469     5.1150    222.290  0.000e+00
     51.999    18.2821    38.1968     2.4457     5.1107    222.104  0.000e+00
     51.999    18.2841    38.1973     2.4457     5.1099    222.069  0.000e+00
     51.999    18.2864    38.1977     2.4457     5.1091    222.033  0.000e+00
     51.999    18.2893    38.1983     2.4457     5.1082    221.994  0.000e+00
     51.999    18.2928    38.1982     2.4457     5.1073    221.954  0.000e+00
     51.999    18.2964    38.1983     2.4457     5.1063    221.912  0.000e+00
     51.948    18.2997    38.1981     2.4457     5.1054    221.871  0.000e+00
     51.999    18.3030    38.1975     2.4457     5.1045    221.834  0.000e+00
     51.948    18.3059    38.1973     2.4445     5.1001    221.643  0.000e+00
     51.999    18.3085    38.1969     2.4457     5.1026    221.749  0.000e+00
     51.948    18.3107    38.1967     2.4445     5.0982    221.562  0.000e+00
     51.948    18.3131    38.1970     2.4445     5.0972    221.515  0.000e+00
     51.948    18.3161    38.1975     2.4445     5.0960    221.466  0.000e+00
     51.948    18.3200    38.1970     2.4445     5.0951    221.427  0.000e+00
     51.948    18.3240    38.1953     2.4433     5.0908    221.238  0.000e+00
     51.890    18.3274    38.1935     2.4433     5.0897    221.192  0.000e+00
     51.890    18.3299    38.1914     2.4433     5.0888    221.155  0.000e+00
     51.948    18.3297    38.1908     2.4445     5.0917    221.281  0.000e+00
     51.890    18.3278    38.1914     2.4433     5.0880    221.117  0.000e+00
     51.890    18.3252    38.1924     2.4433     5.0876    221.100  0.000e+00
     51.890    18.3233    38.1943     2.4433     5.0874    221.091  0.000e+00
     51.890    18.3235    38.1954     2.4433     5.0868    221.065  0.000e+00
     51.890    18.3257    38.1969     2.4433     5.0863    221.043  0.000e+00
     51.890    18.3297    38.1989     2.4433     5.0856    221.014  0.000e+00
     51.890    18.3354    38.1982     2.4433     5.0849    220.984  0.000e+00
     51.868    18.3395    38.1965     2.4420     5.0807    220.800  0.000e+00
     51.839    18.3416    38.1935     2.4433     5.0837    220.932  0.000e+00
     51.889    18.3412    38.1926     2.4420     5.0803    220.783  0.000e+00
     51.889    18.3409    38.1942     2.4420     5.0800    220.771  0.000e+00
     51.839    18.3416    38.1960     2.4420     5.0797    220.757  0.000e+00
     51.889    18.3440    38.1944     2.4420     5.0794    220.744  0.000e+00
     51.839    18.3444    38.1914     2.4420     5.0793    220.743  0.000e+00
     51.889    18.3419    38.1908     2.4420     5.0796    220.755  0.000e+00
     51.839    18.3392    38.1917     2.4420     5.0798    220.765  0.000e+00
     51.889    18.3380    38.1919     2.4420     5.0801    220.775  0.000e+00
     51.839    18.3368    38.1920     2.4420     5.0803    220.784  0.000e+00
     51.889    18.3357    38.1932     2.4420     5.0806    220.797  0.000e+00
     51.839    18.3362    38.1938     2.4433     5.0842    220.955  0.000e+00
     51.889    18.3369    38.1942     2.4433     5.0847    220.977  0.000e+00
     51.838    18.3373    38.1941     2.4420     5.0815    220.836  0.000e+00
     51.838    18.3378    38.1953     2.4433     5.0853    221.000  0.000e+00
     51.838    18.3395    38.1981     2.4433     5.0857    221.018  0.000e+00
     51.889    18.3447    38.1994     2.4420     5.0821    220.863  0.000e+00
     51.838    18.3499    38.1997     2.4420     5.0818    220.849  0.000e+00
     51.838    18.3535    38.1984     2.4420     5.0817    220.847  0.000e+00
     51.838    18.3553    38.1976     2.4420     5.0819    220.855  0.000e+00
     51.838    18.3572    38.1986     2.4420     5.0821    220.861  0.000e+00
     51.838    18.3608    38.2003     2.4420     5.0821    220.861  0.000e+00
     51.838    18.3667    38.1998     2.4420     5.0819    220.856  0.000e+00
     51.787    18.3724    38.1981     2.4420     5.0816    220.842  0.000e+00
     51.838    18.3767    38.1968     2.4420     5.0815    220.838  0.000e+00
     51.787    18.3800    38.1966     2.4420     5.0814    220.836  0.000e+00
     51.787    18.3844    38.1966     2.4420     5.0813    220.831  0.000e+00
     51.787    18.3890    38.1966     2.4420     5.0812    220.827  0.000e+00
     51.758    18.3934    38.1965     2.4420     5.0811    220.824  0.000e+00
     51.787    18.3971    38.1960     2.4420     5.0812    220.827  0.000e+00
     51.787    18.3997    38.1945     2.4420     5.0815    220.838  0.000e+00
     51.729    18.4018    38.1936     2.4420     5.0815    220.838  0.000e+00
     51.729    18.4025    38.1934     2.4420     5.0819    220.857  0.000e+00
     51.729    18.4033    38.1927     2.4420     5.0821    220.866  0.000e+00
     51.729    18.4036    38.1926     2.4420     5.0824    220.877  0.000e+00
     51.678    18.4044    38.1927     2.4420     5.0826    220.886  0.000e+00
     51.729    18.4054    38.1935     2.4420     5.0828    220.896  0.000e+00
     51.678    18.4072    38.1945     2.4420     5.0826    220.889  0.000e+00
     51.729    18.4092    38.1945     2.4420     5.0826    220.886  0.000e+00
     51.678    18.4118    38.1943     2.4420     5.0824    220.879  0.000e+00
     51.627    18.4143    38.1952     2.4420     5.0825    220.882  0.000e+00
     51.678    18.4173    38.1955     2.4420     5.0823    220.876  0.000e+00
     51.678    18.4213    38.1959     2.4420     5.0821    220.865  0.000e+00
     51.627    18.4257    38.1971     2.4420     5.0817    220.850  0.000e+00
     51.678    18.4310    38.1978     2.4420     5.0814    220.835  0.000e+00
     51.627    18.4377    38.1963     2.4420     5.0809    220.815  0.000e+00
     51.627    18.4424    38.1944     2.4420     5.0807    220.806  0.000e+00
     51.678    18.4455    38.1921     2.4420     5.0807    220.806  0.000e+00
     51.627    18.4472    38.1918     2.4420     5.0804    220.796  0.000e+00
     51.627    18.4485    38.1910     2.4420     5.0805    220.801  0.000e+00
     51.627    18.4487    38.1894     2.4420     5.0805    220.800  0.000e+00
     51.627    18.4478    38.1891     2.4420     5.0806    220.803  0.000e+00
     51.678    18.4458    38.1890     2.4420     5.0808    220.811  0.000e+00
     51.627    18.4437    38.1886     2.4420     5.0809    220.818  0.000e+00
     51.598    18.4412    38.1883     2.4420     5.0811    220.826  0.000e+00
     51.678    18.4388    38.1885     2.4420     5.0813    220.836  0.000e+00
