Data/2022/Day3/ctds/ST2_D3.cnv
* Sea-Bird SBE 9 Data File:
* FileName = C:\CTD\Mir-MER\ST2_D3.hex
* Software Version Seasave V 7.26.7.121
* Temperature SN = 0809
* Conductivity SN = 3159
* Number of Bytes Per Scan = 24
* Number of Voltage Words = 4
* Number of Scans Averaged by the Deck Unit = 1
** Ship: antedon
** Station: st2 day3
** Operator:
# nquan = 7
# nvalues = 6845                                  
# units = specified
# name 0 = prDM: Pressure, Digiquartz [db]
# name 1 = t090C: Temperature [ITS-90, deg C]
# name 2 = sal00: Salinity, Practical [PSU]
# name 3 = sbeox0V: Oxygen raw, SBE 43 [V]
# name 4 = sbeox0ML/L: Oxygen, SBE 43 [ml/l]
# name 5 = sbox0Mm/Kg: Oxygen, SBE 43 [umol/kg]
# name 6 = flag:  0.000e+00
# span 0 =     -0.994,     52.207                 
# span 1 =    18.2223,    21.4206                 
# span 2 =     2.9378,    38.2815                 
# span 3 =     2.3151,     2.5239                 
# span 4 =     4.3770,     6.2221                 
# span 5 =    190.359,    277.412                 
# span 6 = 0.0000e+00, 0.0000e+00                 
# interval = seconds: 0.0416667
# start_time = Oct 13 2022 12:06:46 [System UTC, header]
# bad_flag = -9.990e-29
*END*
[from data line 6565]
     -0.733    21.4062    38.2682     2.4934     4.8924    212.775  0.000e+00
     -0.668    21.4057    38.2680     2.4934     4.8924    212.778  0.000e+00
     -0.726    21.4052    38.2679     2.4934     4.8925    212.779  0.000e+00
     -0.777    21.4055    38.2669     2.4934     4.8922    212.770  0.000e+00
     -0.777    21.4058    38.2657     2.4921     4.8888    212.623  0.000e+00
     -0.784    21.4057    38.2661     2.4909     4.8855    212.476  0.000e+00
     -0.827    21.4055    38.2660     2.4909     4.8852    212.463  0.000e+00
     -0.777    21.4055    38.2659     2.4897     4.8817    212.313  0.000e+00
     -0.777    21.4048    38.2663     2.4897     4.8814    212.297  0.000e+00
     -0.842    21.4042    38.2667     2.4885     4.8778    212.141  0.000e+00
     -0.777    21.4009    38.2694     2.4873     4.8743    211.989  0.000e+00
     -0.777    21.3978    38.1182     2.4873     4.8783    212.185  0.000e+00
     -0.777    21.3917    29.2391     2.4860     5.1350    224.830  0.000e+00
     -0.828    21.3789    14.5997     2.4860     5.5943    247.628  0.000e+00
     -0.784    21.3661     9.0247     2.4848     5.7760    256.738  0.000e+00
     -0.777    21.3607     8.4106     2.4836     5.7926    257.593  0.000e+00
     -0.777    21.3562     8.4526     2.4824     5.7868    257.327  0.000e+00
     -0.777    21.3433     6.5302     2.4824     5.8521    260.608  0.000e+00
     -0.828    21.3244     5.3853     2.4811     5.8882    262.442  0.000e+00
     -0.784    21.2918     4.8157     2.4811     5.9102    263.534  0.000e+00
     -0.827    21.2475     5.1431     2.4799     5.8988    262.958  0.000e+00
     -0.777    21.1960     5.8192     2.4787     5.8763    261.816  0.000e+00
     -0.885    21.1425     6.5612     2.4775     5.8513    260.553  0.000e+00
     -0.893    21.0885     7.0518     2.4763     5.8349    259.726  0.000e+00
     -0.726    21.0387     6.8283     2.4750     5.8425    260.104  0.000e+00
     -0.827    20.9940     6.2935     2.4750     5.8638    261.155  0.000e+00
     -0.776    20.9569     5.9875     2.4750     5.8767    261.788  0.000e+00
     -0.776    20.9285     5.9778     2.4738     5.8746    261.695  0.000e+00
     -0.784    20.9070     6.0890     2.4726     5.8675    261.353  0.000e+00
     -0.827    20.8904     6.2399     2.4726     5.8622    261.090  0.000e+00
     -0.725    20.8863     6.3681     2.4714     5.8522    260.616  0.000e+00
     -0.827    20.9372     6.4575     2.4714     5.8405    260.083  0.000e+00
     -0.776    20.9973     6.5008     2.4714     5.8297    259.598  0.000e+00
     -0.783    21.0279     6.6478     2.4714     5.8192    259.102  0.000e+00
     -0.827    21.0440     5.9330     2.4714     5.8404    260.188  0.000e+00
     -0.776    21.0550    13.3500     2.4702     5.5870    247.517  0.000e+00
     -0.776    21.0638    25.7195     2.4714     5.1989    228.206  0.000e+00
     -0.776    21.0717    31.5299     2.4714     5.0239    219.572  0.000e+00
     -0.783    21.0790    32.6329     2.4714     4.9909    217.952  0.000e+00
     -0.827    21.0857    32.0640     2.4714     5.0070    218.749  0.000e+00
     -0.776    21.0923    32.3349     2.4714     4.9985    218.334  0.000e+00
     -0.776    21.0982    32.8447     2.4726     4.9866    217.732  0.000e+00
     -0.783    21.1043    34.4773     2.4726     4.9389    215.385  0.000e+00
     -0.826    21.1102    37.6076     2.4726     4.8491    210.980  0.000e+00
     -0.776    21.1175    38.2815     2.4726     4.8302    210.053  0.000e+00
     -0.884    21.1626    30.9675     2.4714     5.0354    220.175  0.000e+00
     -0.826    21.2344    24.3137     2.4726     5.2330    229.953  0.000e+00
     -0.732    21.2893    18.3077     2.4726     5.4158    239.057  0.000e+00
     -0.884    21.3263    16.3136     2.4726     5.4767    242.109  0.000e+00
     -0.826    21.3513    11.9900     2.4738     5.6195    249.228  0.000e+00
     -0.775    21.3704    12.8413     2.4738     5.5917    247.835  0.000e+00
     -0.775    21.3826    11.6896     2.4738     5.6302    249.761  0.000e+00
     -0.840    21.3884    10.5628     2.4738     5.6691    251.696  0.000e+00
     -0.724    21.3917    13.9056     2.4738     5.5615    246.303  0.000e+00
     -0.775    21.3949    18.8535     2.4738     5.4048    238.480  0.000e+00
     -0.775    21.3976    17.2276     2.4738     5.4583    241.135  0.000e+00
     -0.782    21.4006     8.3773     2.4738     5.7496    255.690  0.000e+00
     -0.724    21.4042    21.1090     2.4726     5.3360    235.049  0.000e+00
     -0.775    21.4072    28.5139     2.4726     5.1113    223.915  0.000e+00
     -0.775    21.4102    29.8436     2.4714     5.0697    221.871  0.000e+00
     -0.724    21.4111    30.8105     2.4702     5.0392    220.378  0.000e+00
     -0.782    21.4118    33.7220     2.4689     4.9518    216.089  0.000e+00
     -0.724    21.4144    29.1148     2.4677     5.0847    222.650  0.000e+00
     -0.774    21.4178    27.2012     2.4653     5.1355    225.196  0.000e+00
     -0.774    21.4206    32.2880     2.4641     4.9816    217.623  0.000e+00
     -0.724    21.4205    34.3552     2.4604     4.9118    214.245  0.000e+00
     -0.782    21.4179    31.3504     2.4579     4.9920    218.229  0.000e+00
     -0.774    21.4166    32.7127     2.4555     4.9449    215.950  0.000e+00
     -0.774    21.4155    37.0036     2.4518     4.8114    209.450  0.000e+00
     -0.774    21.4150    38.2365     2.4494     4.7686    207.396  0.000e+00
     -0.781    21.4144    38.2462     2.4457     4.7565    206.869  0.000e+00
     -0.774    21.4126    38.2474     2.4433     4.7474    206.473  0.000e+00
     -0.774    21.4109    38.2488     2.4409     4.7379    206.059  0.000e+00
     -0.774    21.4097    38.2506     2.4372     4.7247    205.486  0.000e+00
     -0.774    21.4092    38.2503     2.4335     4.7112    204.897  0.000e+00
     -0.781    21.4097    38.2499     2.4311     4.7005    204.432  0.000e+00
     -0.774    21.4095    38.2509     2.4274     4.6862    203.813  0.000e+00
     -0.774    21.4065    38.2530     2.4225     4.6684    203.039  0.000e+00
     -0.882    21.4034    38.2557     2.4189     4.6534    202.383  0.000e+00
     -0.665    21.4022    38.2572     2.4164     4.6411    201.850  0.000e+00
     -0.781    21.4034    38.2554     2.4140     4.6286    201.304  0.000e+00
     -0.773    21.4052    38.2535     2.4115     4.6160    200.759  0.000e+00
     -0.773    21.4050    38.2536     2.4067     4.5971    199.937  0.000e+00
     -0.773    21.4017    38.1643     2.4042     4.5870    199.509  0.000e+00
     -0.780    21.3986    34.6677     2.4006     4.6656    203.456  0.000e+00
     -0.773    21.3965    27.7273     2.3969     4.8421    212.245  0.000e+00
     -0.773    21.3950    24.5541     2.3932     4.9154    215.966  0.000e+00
     -0.824    21.3939    28.3302     2.3896     4.7908    209.902  0.000e+00
     -0.824    21.3930    27.9897     2.3883     4.7900    209.918  0.000e+00
     -0.838    21.3928    24.8623     2.3871     4.8682    213.843  0.000e+00
     -0.773    21.3924    24.1322     2.3847     4.8759    214.299  0.000e+00
     -0.824    21.3922    31.0366     2.3822     4.6704    204.217  0.000e+00
     -0.823    21.3916    37.0286     2.3798     4.4976    195.788  0.000e+00
     -0.773    21.3909    38.2600     2.3774     4.4539    193.708  0.000e+00
     -0.729    21.3905    38.2667     2.3749     4.4424    193.206  0.000e+00
     -0.773    21.3903    38.2665     2.3725     4.4315    192.730  0.000e+00
     -0.772    21.3899    38.2674     2.3700     4.4209    192.268  0.000e+00
     -0.772    21.3896    38.2673     2.3688     4.4138    191.962  0.000e+00
     -0.729    21.3894    38.2670     2.3676     4.4075    191.688  0.000e+00
     -0.772    21.3891    38.2672     2.3664     4.4017    191.435  0.000e+00
     -0.721    21.3887    38.2680     2.3652     4.3965    191.208  0.000e+00
     -0.772    21.3887    38.2675     2.3639     4.3918    191.004  0.000e+00
     -0.772    21.3882    38.2676     2.3639     4.3909    190.967  0.000e+00
     -0.779    21.3879    38.2688     2.3615     4.3843    190.679  0.000e+00
     -0.772    21.3876    38.2687     2.3603     4.3814    190.551  0.000e+00
     -0.772    21.3879    38.2677     2.3590     4.3790    190.447  0.000e+00
     -0.823    21.3880    38.2678     2.3578     4.3770    190.359  0.000e+00
     -0.772    21.3884    38.2679     2.3578     4.3788    190.439  0.000e+00
     -0.837    21.3886    38.2675     2.3566     4.3779    190.402  0.000e+00
     -0.822    21.3888    38.2667     2.3554     4.3775    190.384  0.000e+00
     -0.822    21.3886    38.2671     2.3554     4.3808    190.524  0.000e+00
     -0.822    21.3887    38.2669     2.3529     4.3780    190.407  0.000e+00
     -0.888    21.3887    38.2669     2.3517     4.3785    190.428  0.000e+00
     -0.771    21.3884    38.2667     2.3517     4.3828    190.611  0.000e+00
     -0.771    21.3885    38.2668     2.3493     4.3805    190.515  0.000e+00
     -0.822    21.3886    38.2663     2.3481     4.3815    190.556  0.000e+00
     -0.771    21.3884    38.2672     2.3481     4.3859    190.746  0.000e+00
     -0.728    21.3885    38.2665     2.3468     4.3871    190.801  0.000e+00
     -0.771    21.3882    38.2663     2.3456     4.3885    190.859  0.000e+00
     -0.771    21.3882    38.2660     2.3444     4.3897    190.912  0.000e+00
     -0.720    21.3882    38.2659     2.3432     4.3910    190.970  0.000e+00
     -0.720    21.3880    38.2664     2.3420     4.3923    191.028  0.000e+00
     -0.727    21.3880    38.2667     2.3407     4.3935    191.080  0.000e+00
     -0.662    21.3880    38.2662     2.3395     4.3946    191.127  0.000e+00
     -0.720    21.3880    38.2670     2.3383     4.3956    191.170  0.000e+00
     -0.720    21.3878    38.2673     2.3371     4.3965    191.208  0.000e+00
     -0.720    21.3877    38.2669     2.3358     4.3969    191.227  0.000e+00
     -0.727    21.3875    38.2668     2.3346     4.3971    191.236  0.000e+00
     -0.771    21.3874    38.2673     2.3334     4.3972    191.241  0.000e+00
     -0.720    21.3877    38.2667     2.3322     4.3974    191.246  0.000e+00
     -0.821    21.3874    38.2668     2.3310     4.3974    191.246  0.000e+00
     -0.778    21.3875    38.2665     2.3285     4.3937    191.086  0.000e+00
     -0.821    21.3872    38.2667     2.3285     4.3962    191.194  0.000e+00
     -0.821    21.3872    38.2673     2.3273     4.3953    191.155  0.000e+00
     -0.821    21.3870    38.2668     2.3261     4.3941    191.104  0.000e+00
     -0.821    21.3870    38.2668     2.3249     4.3925    191.037  0.000e+00
     -0.777    21.3864    38.2667     2.3236     4.3907    190.956  0.000e+00
     -0.821    21.3866    38.2667     2.3236     4.3920    191.014  0.000e+00
     -0.821    21.3867    38.2675     2.3224     4.3903    190.941  0.000e+00
     -0.661    21.3865    38.2672     2.3224     4.3919    191.008  0.000e+00
     -0.821    21.3866    38.2675     2.3212     4.3900    190.925  0.000e+00
     -0.726    21.3865    38.2674     2.3212     4.3913    190.980  0.000e+00
     -0.719    21.3863    38.2672     2.3212     4.3925    191.034  0.000e+00
     -0.770    21.3859    38.2673     2.3212     4.3937    191.085  0.000e+00
     -0.661    21.3857    38.2678     2.3212     4.3949    191.137  0.000e+00
     -0.726    21.3856    38.2678     2.3212     4.3959    191.182  0.000e+00
     -0.878    21.3855    38.2680     2.3200     4.3937    191.089  0.000e+00
     -0.878    21.3852    38.2692     2.3200     4.3948    191.136  0.000e+00
     -0.929    21.3852    38.2685     2.3188     4.3928    191.048  0.000e+00
     -0.929    21.3855    38.2674     2.3188     4.3940    191.098  0.000e+00
     -0.994    21.3854    38.2684     2.3188     4.3952    191.150  0.000e+00
     -0.980    21.3852    38.2684     2.3175     4.3935    191.078  0.000e+00
     -0.929    21.3852    38.2677     2.3188     4.3981    191.277  0.000e+00
     -0.980    21.3852    38.2673     2.3175     4.3963    191.202  0.000e+00
     -0.980    21.3852    38.2679     2.3175     4.3978    191.264  0.000e+00
     -0.885    21.3853    38.2683     2.3163     4.3961    191.190  0.000e+00
     -0.878    21.3852    38.2670     2.3163     4.3977    191.261  0.000e+00
     -0.820    21.3853    38.2671     2.3151     4.3962    191.194  0.000e+00
     -0.769    21.3854    38.2674     2.3163     4.4010    191.403  0.000e+00
     -0.725    21.3856    38.2666     2.3163     4.4030    191.492  0.000e+00
     -0.718    21.3853    38.2659     2.3175     4.4082    191.716  0.000e+00
     -0.660    21.3854    38.2659     2.3188     4.4135    191.950  0.000e+00
     -0.660    21.3852    38.2668     2.3212     4.4226    192.343  0.000e+00
     -0.609    21.3846    38.2671     2.3236     4.4319    192.747  0.000e+00
     -0.616    21.3849    38.2666     2.3261     4.4415    193.165  0.000e+00
     -0.609    21.3845    38.2671     2.3285     4.4517    193.608  0.000e+00
     -0.660    21.3844    38.2660     2.3334     4.4687    194.348  0.000e+00
     -0.660    21.3842    38.2666     2.3383     4.4864    195.118  0.000e+00
     -0.659    21.3839    38.2662     2.3420     4.5015    195.777  0.000e+00
     -0.725    21.3836    38.2673     2.3468     4.5203    196.593  0.000e+00
     -0.717    21.3836    38.2667     2.3517     4.5397    197.436  0.000e+00
     -0.717    21.3830    38.2673     2.3554     4.5564    198.162  0.000e+00
     -0.819    21.3833    38.2666     2.3615     4.5798    199.180  0.000e+00
     -0.833    21.3831    38.2664     2.3664     4.6007    200.088  0.000e+00
     -0.877    21.3830    38.2671     2.3725     4.6252    201.153  0.000e+00
     -0.877    21.3831    38.2667     2.3761     4.6438    201.963  0.000e+00
     -0.877    21.3828    38.2669     2.3810     4.6658    202.919  0.000e+00
     -0.928    21.3825    38.2666     2.3871     4.6913    204.028  0.000e+00
     -0.884    21.3824    38.2666     2.3920     4.7140    205.017  0.000e+00
     -0.877    21.3824    38.2667     2.3969     4.7369    206.012  0.000e+00
     -0.877    21.3825    38.2660     2.4018     4.7597    207.004  0.000e+00
     -0.818    21.3822    38.2513     2.4054     4.7800    207.892  0.000e+00
     -0.818    21.3819    37.2055     2.4103     4.8326    210.340  0.000e+00
     -0.775    21.3818    30.6043     2.4152     5.0472    220.762  0.000e+00
     -0.717    21.3815    24.7892     2.4189     5.2434    230.335  0.000e+00
     -0.717    21.3818    21.9413     2.4238     5.3564    235.800  0.000e+00
     -0.717    21.3817    20.8490     2.4274     5.4124    238.461  0.000e+00
     -0.615    21.3813    15.4883     2.4311     5.6068    248.014  0.000e+00
     -0.557    21.3811    10.0505     2.4347     5.8102    258.062  0.000e+00
     -0.078    21.3808     8.6060     2.4384     5.8821    261.538  0.000e+00
     -0.557    21.3806     9.4602     2.4421     5.8745    261.032  0.000e+00
     -0.716    21.3801    10.7673     2.4457     5.8513    259.747  0.000e+00
     -0.673    21.3801    11.2003     2.4482     5.8539    259.779  0.000e+00
     -0.716    21.3801    10.8276     2.4518     5.8873    261.332  0.000e+00
     -0.767    21.3801    11.9044     2.4555     5.8705    260.378  0.000e+00
     -0.607    21.3799    12.3431     2.4579     5.8714    260.330  0.000e+00
     -0.767    21.3799    11.3142     2.4616     5.9255    262.935  0.000e+00
     -0.774    21.3797    10.0049     2.4628     5.9817    265.689  0.000e+00
     -0.767    21.3798     9.5347     2.4653     6.0118    267.119  0.000e+00
     -0.817    21.3793     9.3760     2.4677     6.0303    267.974  0.000e+00
     -0.875    21.3792     8.5964     2.4702     6.0698    269.884  0.000e+00
     -0.875    21.3789     7.9203     2.4726     6.1053    271.601  0.000e+00
     -0.882    21.3785     8.0206     2.4750     6.1122    271.887  0.000e+00
     -0.875    21.3782     8.0777     2.4763     6.1159    272.042  0.000e+00
