Data/2022/Day3/ctds/ST2_D3.cnv
* Sea-Bird SBE 9 Data File:
* FileName = C:\CTD\Mir-MER\ST2_D3.hex
* Software Version Seasave V 7.26.7.121
* Temperature SN = 0809
* Conductivity SN = 3159
* Number of Bytes Per Scan = 24
* Number of Voltage Words = 4
* Number of Scans Averaged by the Deck Unit = 1
** Ship: antedon
** Station: st2 day3
** Operator:
# nquan = 7
# nvalues = 6845                                  
# units = specified
# name 0 = prDM: Pressure, Digiquartz [db]
# name 1 = t090C: Temperature [ITS-90, deg C]
# name 2 = sal00: Salinity, Practical [PSU]
# name 3 = sbeox0V: Oxygen raw, SBE 43 [V]
# name 4 = sbeox0ML/L: Oxygen, SBE 43 [ml/l]
# name 5 = sbox0Mm/Kg: Oxygen, SBE 43 [umol/kg]
# name 6 = flag:  0.000e+00
# span 0 =     -0.994,     52.207                 
# span 1 =    18.2223,    21.4206                 
# span 2 =     2.9378,    38.2815                 
# span 3 =     2.3151,     2.5239                 
# span 4 =     4.3770,     6.2221                 
# span 5 =    190.359,    277.412                 
# span 6 = 0.0000e+00, 0.0000e+00                 
# interval = seconds: 0.0416667
# start_time = Oct 13 2022 12:06:46 [System UTC, header]
# bad_flag = -9.990e-29
*END*
      1.423    21.4152    38.2677     2.4908     4.8913    212.728  0.000e+00
      1.264    21.4141    38.2679     2.4896     4.8880    212.587  0.000e+00
      1.314    21.4131    38.2679     2.4896     4.8880    212.584  0.000e+00
      1.314    21.4116    38.2682     2.4896     4.8879    212.581  0.000e+00
      1.314    21.4101    38.2680     2.4896     4.8879    212.579  0.000e+00
      1.307    21.4094    38.2682     2.4908     4.8910    212.715  0.000e+00
      1.365    21.4090    38.2690     2.4908     4.8911    212.719  0.000e+00
      1.365    21.4081    38.2689     2.4908     4.8912    212.724  0.000e+00
      1.365    21.4071    38.2689     2.4908     4.8913    212.729  0.000e+00
      1.365    21.4058    38.2694     2.4908     4.8914    212.735  0.000e+00
      1.365    21.4058    38.2696     2.4908     4.8915    212.736  0.000e+00
      1.416    21.4060    38.2701     2.4908     4.8915    212.737  0.000e+00
      1.423    21.4058    38.2701     2.4908     4.8916    212.740  0.000e+00
      1.423    21.4065    38.2697     2.4908     4.8915    212.739  0.000e+00
      1.474    21.4078    38.2695     2.4908     4.8915    212.737  0.000e+00
      1.423    21.4081    38.2694     2.4908     4.8915    212.736  0.000e+00
      1.474    21.4087    38.2692     2.4908     4.8915    212.737  0.000e+00
      1.307    21.4090    38.2684     2.4908     4.8914    212.734  0.000e+00
      1.634    21.4078    38.2678     2.4908     4.8918    212.750  0.000e+00
      1.525    21.4062    38.2677     2.4908     4.8919    212.755  0.000e+00
      1.474    21.4046    38.2687     2.4921     4.8953    212.901  0.000e+00
      1.583    21.4037    38.2692     2.4908     4.8924    212.775  0.000e+00
      1.474    21.4034    38.2695     2.4908     4.8924    212.775  0.000e+00
      1.583    21.4028    38.2693     2.4908     4.8925    212.781  0.000e+00
      1.575    21.4020    38.2697     2.4921     4.8958    212.926  0.000e+00
      1.525    21.4006    38.2698     2.4908     4.8929    212.798  0.000e+00
      1.634    21.3995    38.2692     2.4908     4.8931    212.807  0.000e+00
      1.583    21.3987    38.2700     2.4908     4.8931    212.809  0.000e+00
      1.633    21.3988    38.2696     2.4908     4.8932    212.811  0.000e+00
      1.633    21.3983    38.2692     2.4908     4.8933    212.814  0.000e+00
      1.626    21.3974    38.2688     2.4908     4.8934    212.819  0.000e+00
      1.633    21.3967    38.2686     2.4908     4.8935    212.823  0.000e+00
      1.684    21.3974    38.2689     2.4908     4.8934    212.821  0.000e+00
      1.633    21.3990    38.2696     2.4908     4.8933    212.814  0.000e+00
      1.742    21.4004    38.2702     2.4908     4.8932    212.811  0.000e+00
      1.684    21.4014    38.2699     2.4908     4.8931    212.807  0.000e+00
      1.735    21.4018    38.2701     2.4908     4.8931    212.807  0.000e+00
      1.684    21.4023    38.2701     2.4921     4.8963    212.945  0.000e+00
      1.793    21.4030    38.2698     2.4921     4.8965    212.955  0.000e+00
      1.742    21.4036    38.2704     2.4921     4.8966    212.960  0.000e+00
      1.793    21.4044    38.2701     2.4908     4.8935    212.826  0.000e+00
      1.793    21.4050    38.2698     2.4921     4.8967    212.965  0.000e+00
      1.786    21.4050    38.2700     2.4908     4.8937    212.832  0.000e+00
      1.844    21.4053    38.2695     2.4921     4.8969    212.973  0.000e+00
      1.844    21.4053    38.2692     2.4908     4.8939    212.840  0.000e+00
      1.844    21.4057    38.2688     2.4908     4.8938    212.838  0.000e+00
      1.844    21.4050    38.2691     2.4908     4.8938    212.839  0.000e+00
      1.902    21.4042    38.2688     2.4921     4.8972    212.984  0.000e+00
      1.902    21.4037    38.2690     2.4921     4.8974    212.993  0.000e+00
      1.945    21.4032    38.2692     2.4921     4.8976    213.003  0.000e+00
      1.902    21.4029    38.2692     2.4921     4.8975    213.001  0.000e+00
      1.953    21.4030    38.2686     2.4921     4.8975    212.999  0.000e+00
      2.004    21.4029    38.2688     2.4921     4.8974    212.996  0.000e+00
      1.953    21.4028    38.2691     2.4921     4.8973    212.990  0.000e+00
      2.004    21.4027    38.2689     2.4921     4.8974    212.996  0.000e+00
      2.054    21.4023    38.2691     2.4921     4.8976    213.002  0.000e+00
      2.004    21.4016    38.2688     2.4921     4.8977    213.006  0.000e+00
      2.062    21.4015    38.2693     2.4921     4.8978    213.011  0.000e+00
      2.112    21.4013    38.2694     2.4921     4.8979    213.015  0.000e+00
      2.062    21.4006    38.2689     2.4921     4.8980    213.019  0.000e+00
      2.112    21.3998    38.2686     2.4933     4.9013    213.166  0.000e+00
      2.163    21.4000    38.2689     2.4933     4.9016    213.176  0.000e+00
      2.156    21.4002    38.2691     2.4933     4.9018    213.183  0.000e+00
      2.163    21.4004    38.2695     2.4933     4.9019    213.191  0.000e+00
      2.221    21.4006    38.2700     2.4933     4.9021    213.198  0.000e+00
      2.163    21.4011    38.2696     2.4921     4.8989    213.061  0.000e+00
      2.272    21.4013    38.2693     2.4921     4.8989    213.061  0.000e+00
      2.221    21.4011    38.2694     2.4921     4.8989    213.057  0.000e+00
      2.323    21.4007    38.2692     2.4933     4.9021    213.199  0.000e+00
      2.265    21.4006    38.2697     2.4921     4.8992    213.071  0.000e+00
      2.323    21.4007    38.2697     2.4921     4.8991    213.067  0.000e+00
      2.323    21.4009    38.2695     2.4921     4.8990    213.062  0.000e+00
      2.381    21.4013    38.2695     2.4921     4.8989    213.058  0.000e+00
      2.381    21.4017    38.2690     2.4921     4.8989    213.061  0.000e+00
      2.432    21.4020    38.2694     2.4921     4.8988    213.055  0.000e+00
      2.432    21.4027    38.2696     2.4921     4.8986    213.047  0.000e+00
      2.424    21.4025    38.2693     2.4921     4.8985    213.042  0.000e+00
      2.482    21.4025    38.2692     2.4921     4.8984    213.037  0.000e+00
      2.540    21.4015    38.2679     2.4921     4.8984    213.038  0.000e+00
      2.482    21.3981    38.2670     2.4908     4.8953    212.902  0.000e+00
      2.540    21.3952    38.2672     2.4908     4.8952    212.899  0.000e+00
      2.591    21.3935    38.2678     2.4908     4.8950    212.890  0.000e+00
      2.591    21.3896    38.2682     2.4921     4.8982    213.029  0.000e+00
      2.584    21.3829    38.2683     2.4908     4.8954    212.907  0.000e+00
      2.642    21.3752    38.2684     2.4908     4.8958    212.922  0.000e+00
      2.693    21.3706    38.2692     2.4908     4.8958    212.924  0.000e+00
      2.642    21.3704    38.2686     2.4908     4.8957    212.917  0.000e+00
      2.693    21.3699    38.2666     2.4908     4.8956    212.916  0.000e+00
      2.751    21.3643    38.2670     2.4908     4.8960    212.933  0.000e+00
      2.751    21.3594    38.2679     2.4908     4.8961    212.935  0.000e+00
      2.744    21.3563    38.2682     2.4908     4.8962    212.940  0.000e+00
      2.802    21.3537    38.2681     2.4908     4.8962    212.937  0.000e+00
      2.802    21.3500    38.2678     2.4908     4.8964    212.947  0.000e+00
      2.852    21.3458    38.2679     2.4908     4.8965    212.950  0.000e+00
      2.852    21.3435    38.2688     2.4908     4.8963    212.943  0.000e+00
      2.852    21.3440    38.2708     2.4908     4.8959    212.923  0.000e+00
      2.911    21.3460    38.2718     2.4908     4.8956    212.910  0.000e+00
      2.794    21.3477    38.2718     2.4908     4.8952    212.896  0.000e+00
      3.070    21.3488    38.2716     2.4908     4.8952    212.895  0.000e+00
      2.961    21.3490    38.2713     2.4908     4.8950    212.887  0.000e+00
      2.961    21.3495    38.2710     2.4908     4.8949    212.882  0.000e+00
      2.961    21.3496    38.2708     2.4896     4.8916    212.737  0.000e+00
      3.012    21.3502    38.2715     2.4896     4.8913    212.724  0.000e+00
      3.012    21.3518    38.2718     2.4908     4.8941    212.847  0.000e+00
      3.070    21.3539    38.2720     2.4896     4.8907    212.698  0.000e+00
      3.063    21.3550    38.2719     2.4908     4.8936    212.825  0.000e+00
      3.070    21.3555    38.2718     2.4896     4.8903    212.682  0.000e+00
      3.070    21.3555    38.2714     2.4896     4.8901    212.674  0.000e+00
      3.121    21.3541    38.2697     2.4896     4.8901    212.675  0.000e+00
      3.121    21.3523    38.2693     2.4896     4.8904    212.685  0.000e+00
      3.121    21.3507    38.2688     2.4908     4.8938    212.836  0.000e+00
      3.121    21.3495    38.2680     2.4908     4.8943    212.855  0.000e+00
      3.172    21.3478    38.2674     2.4896     4.8915    212.736  0.000e+00
      3.172    21.3458    38.2681     2.4896     4.8918    212.749  0.000e+00
      3.172    21.3456    38.2683     2.4896     4.8918    212.747  0.000e+00
      3.230    21.3449    38.2693     2.4896     4.8918    212.749  0.000e+00
      3.172    21.3440    38.2702     2.4884     4.8886    212.607  0.000e+00
      3.230    21.3448    38.2700     2.4896     4.8918    212.748  0.000e+00
      3.230    21.3479    38.2693     2.4896     4.8916    212.739  0.000e+00
      3.230    21.3481    38.2698     2.4896     4.8916    212.740  0.000e+00
      3.230    21.3474    38.2705     2.4896     4.8917    212.744  0.000e+00
      3.273    21.3468    38.2690     2.4896     4.8919    212.753  0.000e+00
      3.280    21.3447    38.2668     2.4896     4.8923    212.770  0.000e+00
      3.280    21.3389    38.2681     2.4896     4.8929    212.795  0.000e+00
      3.280    21.3361    38.2689     2.4896     4.8933    212.811  0.000e+00
      3.331    21.3358    38.2699     2.4896     4.8935    212.819  0.000e+00
      3.331    21.3359    38.2710     2.4896     4.8936    212.825  0.000e+00
      3.331    21.3366    38.2699     2.4908     4.8970    212.973  0.000e+00
      3.331    21.3359    38.2696     2.4908     4.8973    212.984  0.000e+00
      3.382    21.3347    38.2705     2.4908     4.8976    212.997  0.000e+00
      3.389    21.3342    38.2708     2.4896     4.8946    212.866  0.000e+00
      3.389    21.3344    38.2705     2.4896     4.8948    212.875  0.000e+00
      3.440    21.3344    38.2707     2.4896     4.8948    212.876  0.000e+00
      3.389    21.3336    38.2702     2.4896     4.8949    212.879  0.000e+00
      3.491    21.3335    38.2705     2.4896     4.8949    212.883  0.000e+00
      3.440    21.3338    38.2711     2.4896     4.8949    212.881  0.000e+00
      3.440    21.3344    38.2714     2.4896     4.8949    212.881  0.000e+00
      3.484    21.3344    38.2708     2.4896     4.8950    212.885  0.000e+00
      3.549    21.3335    38.2701     2.4908     4.8984    213.035  0.000e+00
      3.549    21.3335    38.2700     2.4908     4.8987    213.047  0.000e+00
      3.549    21.3347    38.2704     2.4908     4.8988    213.053  0.000e+00
      3.600    21.3347    38.2703     2.4908     4.8991    213.066  0.000e+00
      3.600    21.3347    38.2714     2.4908     4.8994    213.076  0.000e+00
      3.600    21.3361    38.2725     2.4908     4.8995    213.081  0.000e+00
      3.650    21.3386    38.2734     2.4908     4.8995    213.083  0.000e+00
      3.709    21.3414    38.2735     2.4908     4.8996    213.085  0.000e+00
      3.643    21.3444    38.2721     2.4908     4.8996    213.085  0.000e+00
      3.759    21.3457    38.2715     2.4908     4.8998    213.095  0.000e+00
      3.709    21.3467    38.2712     2.4908     4.9000    213.102  0.000e+00
      3.810    21.3465    38.2709     2.4908     4.9003    213.118  0.000e+00
      3.759    21.3458    38.2697     2.4921     4.9037    213.264  0.000e+00
      3.810    21.3443    38.2697     2.4908     4.9008    213.140  0.000e+00
      3.810    21.3424    38.2691     2.4908     4.9013    213.159  0.000e+00
      3.919    21.3407    38.2685     2.4908     4.9015    213.171  0.000e+00
      3.868    21.3386    38.2682     2.4908     4.9019    213.188  0.000e+00
      3.912    21.3356    38.2673     2.4908     4.9023    213.203  0.000e+00
      3.919    21.3314    38.2666     2.4908     4.9027    213.221  0.000e+00
      3.970    21.3261    38.2661     2.4908     4.9032    213.244  0.000e+00
      4.028    21.3215    38.2663     2.4908     4.9037    213.263  0.000e+00
      4.028    21.3173    38.2672     2.4908     4.9042    213.287  0.000e+00
      4.028    21.3145    38.2673     2.4908     4.9047    213.306  0.000e+00
      4.079    21.3119    38.2677     2.4908     4.9049    213.316  0.000e+00
      4.079    21.3096    38.2680     2.4908     4.9051    213.324  0.000e+00
      4.079    21.3080    38.2679     2.4908     4.9052    213.329  0.000e+00
      4.180    21.3059    38.2685     2.4908     4.9054    213.337  0.000e+00
      4.129    21.3043    38.2683     2.4908     4.9053    213.330  0.000e+00
      4.180    21.3029    38.2686     2.4908     4.9053    213.334  0.000e+00
      4.180    21.3011    38.2681     2.4908     4.9054    213.338  0.000e+00
      4.289    21.2992    38.2681     2.4908     4.9056    213.345  0.000e+00
      4.238    21.2978    38.2682     2.4908     4.9056    213.345  0.000e+00
      4.238    21.2967    38.2678     2.4908     4.9056    213.345  0.000e+00
      4.289    21.2948    38.2675     2.4908     4.9057    213.349  0.000e+00
      4.289    21.2930    38.2669     2.4908     4.9058    213.352  0.000e+00
      4.340    21.2913    38.2663     2.4908     4.9058    213.355  0.000e+00
      4.340    21.2895    38.2662     2.4908     4.9059    213.356  0.000e+00
      4.398    21.2883    38.2664     2.4908     4.9059    213.356  0.000e+00
      4.340    21.2871    38.2668     2.4908     4.9060    213.361  0.000e+00
      4.449    21.2869    38.2668     2.4908     4.9061    213.367  0.000e+00
      4.398    21.2865    38.2665     2.4908     4.9062    213.371  0.000e+00
      4.449    21.2864    38.2665     2.4908     4.9061    213.366  0.000e+00
      4.449    21.2862    38.2664     2.4908     4.9059    213.359  0.000e+00
      4.448    21.2856    38.2667     2.4908     4.9058    213.354  0.000e+00
      4.499    21.2853    38.2665     2.4908     4.9057    213.349  0.000e+00
      4.499    21.2849    38.2665     2.4908     4.9055    213.342  0.000e+00
      4.550    21.2844    38.2665     2.4908     4.9054    213.337  0.000e+00
      4.557    21.2837    38.2665     2.4908     4.9053    213.330  0.000e+00
      4.557    21.2841    38.2667     2.4908     4.9050    213.319  0.000e+00
      4.608    21.2846    38.2663     2.4908     4.9050    213.319  0.000e+00
      4.608    21.2841    38.2661     2.4908     4.9051    213.321  0.000e+00
      4.608    21.2837    38.2663     2.4908     4.9051    213.322  0.000e+00
      4.659    21.2836    38.2658     2.4908     4.9051    213.324  0.000e+00
      4.659    21.2830    38.2661     2.4908     4.9052    213.325  0.000e+00
      4.659    21.2830    38.2661     2.4908     4.9052    213.325  0.000e+00
      4.717    21.2828    38.2663     2.4908     4.9052    213.326  0.000e+00
      4.717    21.2828    38.2663     2.4908     4.9052    213.326  0.000e+00
      4.760    21.2826    38.2662     2.4908     4.9052    213.327  0.000e+00
      4.768    21.2823    38.2656     2.4908     4.9053    213.329  0.000e+00
      4.768    21.2821    38.2654     2.4908     4.9053    213.330  0.000e+00
      4.818    21.2813    38.2651     2.4908     4.9054    213.335  0.000e+00
      4.818    21.2802    38.2641     2.4908     4.9057    213.349  0.000e+00
      4.818    21.2785    38.2650     2.4908     4.9059    213.355  0.000e+00
      4.876    21.2783    38.2651     2.4908     4.9059    213.357  0.000e+00
      4.876    21.2786    38.2652     2.4908     4.9059    213.356  0.000e+00
      4.927    21.2783    38.2649     2.4908     4.9059    213.359  0.000e+00
      4.876    21.2778    38.2642     2.4921     4.9092    213.502  0.000e+00
