Data/2022/Day1/ctds/1.cnv
* Sea-Bird SBE 9 Data File:
* FileName = C:\CTD\Mir-MER\ST1_D1.hex
* Software Version Seasave V 7.26.7.121
* Temperature SN = 0809
* Conductivity SN = 3159
* Number of Bytes Per Scan = 24
* Number of Voltage Words = 4
* Number of Scans Averaged by the Deck Unit = 1
** Ship: antedon
** Station: ST1
** Operator: me and myself
# nquan = 7
# nvalues = 30716                                 
# units = specified
# name 0 = prDM: Pressure, Digiquartz [db]
# name 1 = t090C: Temperature [ITS-90, deg C]
# name 2 = sal00: Salinity, Practical [PSU]
# name 3 = sbeox0V: Oxygen raw, SBE 43 [V]
# name 4 = sbeox0ML/L: Oxygen, SBE 43 [ml/l]
# name 5 = sbox0Mm/Kg: Oxygen, SBE 43 [umol/kg]
# name 6 = flag:  0.000e+00
# span 0 =     -0.646,    505.224                 
# span 1 =    13.7882,    21.3978                 
# span 2 =    38.0773,    38.6949                 
# span 3 =     1.7632,     2.6545                 
# span 4 =     3.7984,     5.7740                 
# span 5 =    164.842,    250.804                 
# span 6 = 0.0000e+00, 0.0000e+00                 
# interval = seconds: 0.0416667
# start_time = Oct 11 2022 09:48:24 [System UTC, header]
# bad_flag = -9.990e-29
*END*
[from data line 7180]
    180.153    13.7968    38.4453     2.0695     4.5646    198.129  0.000e+00
    180.153    13.7971    38.4445     2.0695     4.5648    198.137  0.000e+00
    180.262    13.7973    38.4444     2.0707     4.5690    198.320  0.000e+00
    180.218    13.7974    38.4449     2.0707     4.5695    198.342  0.000e+00
    180.203    13.7976    38.4452     2.0695     4.5661    198.194  0.000e+00
    180.313    13.7975    38.4459     2.0695     4.5664    198.207  0.000e+00
    180.262    13.7979    38.4465     2.0695     4.5666    198.215  0.000e+00
    180.313    13.7979    38.4468     2.0695     4.5669    198.230  0.000e+00
    180.378    13.7982    38.4462     2.0683     4.5630    198.057  0.000e+00
    180.364    13.7981    38.4460     2.0683     4.5626    198.042  0.000e+00
    180.364    13.7982    38.4458     2.0683     4.5623    198.028  0.000e+00
    180.422    13.7986    38.4459     2.0695     4.5659    198.187  0.000e+00
    180.473    13.7984    38.4467     2.0683     4.5621    198.018  0.000e+00
    180.436    13.7985    38.4471     2.0707     4.5697    198.351  0.000e+00
    180.473    13.7988    38.4473     2.0695     4.5662    198.198  0.000e+00
    180.524    13.7985    38.4470     2.0683     4.5624    198.033  0.000e+00
    180.524    13.7988    38.4468     2.0683     4.5622    198.023  0.000e+00
    180.597    13.7988    38.4467     2.0683     4.5620    198.017  0.000e+00
    180.582    13.7989    38.4470     2.0683     4.5619    198.010  0.000e+00
    180.633    13.7988    38.4481     2.0683     4.5617    198.004  0.000e+00
    180.691    13.7988    38.4486     2.0683     4.5617    198.001  0.000e+00
    180.691    13.7989    38.4485     2.0683     4.5616    197.999  0.000e+00
    180.706    13.7989    38.4477     2.0683     4.5612    197.982  0.000e+00
    180.742    13.7990    38.4476     2.0683     4.5612    197.982  0.000e+00
    180.742    13.7991    38.4478     2.0683     4.5608    197.966  0.000e+00
    180.851    13.7991    38.4482     2.0683     4.5606    197.953  0.000e+00
    180.851    13.7994    38.4483     2.0683     4.5602    197.937  0.000e+00
    180.866    13.7993    38.4492     2.0683     4.5603    197.940  0.000e+00
    180.902    13.7991    38.4489     2.0683     4.5604    197.945  0.000e+00
    180.953    13.7992    38.4480     2.0683     4.5606    197.953  0.000e+00
    180.953    13.7989    38.4481     2.0683     4.5607    197.960  0.000e+00
    181.011    13.7994    38.4476     2.0683     4.5605    197.952  0.000e+00
    181.077    13.7991    38.4487     2.0683     4.5604    197.945  0.000e+00
    181.062    13.7988    38.4493     2.0683     4.5602    197.938  0.000e+00
    181.113    13.7990    38.4488     2.0683     4.5601    197.933  0.000e+00
    181.171    13.7988    38.4483     2.0683     4.5604    197.946  0.000e+00
    181.171    13.7989    38.4481     2.0683     4.5607    197.958  0.000e+00
    181.237    13.7986    38.4483     2.0670     4.5567    197.785  0.000e+00
    181.273    13.7988    38.4481     2.0670     4.5563    197.768  0.000e+00
    181.332    13.7987    38.4484     2.0670     4.5559    197.753  0.000e+00
    181.332    13.7988    38.4490     2.0670     4.5556    197.736  0.000e+00
    181.383    13.7986    38.4491     2.0670     4.5557    197.741  0.000e+00
    181.433    13.7985    38.4482     2.0683     4.5594    197.905  0.000e+00
    181.448    13.7984    38.4480     2.0670     4.5556    197.738  0.000e+00
    181.492    13.7987    38.4479     2.0670     4.5554    197.728  0.000e+00
    181.543    13.7986    38.4479     2.0670     4.5552    197.721  0.000e+00
    181.543    13.7981    38.4493     2.0670     4.5554    197.730  0.000e+00
    181.652    13.7987    38.4497     2.0670     4.5557    197.741  0.000e+00
    181.608    13.7986    38.4498     2.0670     4.5560    197.753  0.000e+00
    181.703    13.7987    38.4492     2.0670     4.5560    197.755  0.000e+00
    181.703    13.7988    38.4490     2.0670     4.5560    197.755  0.000e+00
    181.754    13.7988    38.4495     2.0670     4.5564    197.773  0.000e+00
    181.754    13.7989    38.4505     2.0670     4.5568    197.791  0.000e+00
    181.827    13.7989    38.4512     2.0670     4.5570    197.797  0.000e+00
    181.812    13.7988    38.4511     2.0658     4.5532    197.631  0.000e+00
    181.914    13.7989    38.4508     2.0658     4.5530    197.626  0.000e+00
    181.863    13.7988    38.4506     2.0658     4.5529    197.621  0.000e+00
    181.914    13.7987    38.4505     2.0658     4.5525    197.603  0.000e+00
    181.972    13.7989    38.4504     2.0658     4.5521    197.585  0.000e+00
    181.987    13.7988    38.4521     2.0658     4.5517    197.567  0.000e+00
    181.972    13.7989    38.4525     2.0658     4.5517    197.566  0.000e+00
    182.023    13.7989    38.4522     2.0658     4.5514    197.554  0.000e+00
    182.023    13.7990    38.4520     2.0658     4.5518    197.574  0.000e+00
    182.074    13.7993    38.4520     2.0646     4.5480    197.408  0.000e+00
    182.074    13.7993    38.4526     2.0646     4.5475    197.384  0.000e+00
    182.147    13.7994    38.4529     2.0646     4.5470    197.364  0.000e+00
    182.132    13.7994    38.4542     2.0646     4.5465    197.343  0.000e+00
    182.132    13.7998    38.4536     2.0646     4.5461    197.325  0.000e+00
    182.183    13.7997    38.4529     2.0646     4.5458    197.313  0.000e+00
    182.183    13.8000    38.4527     2.0646     4.5455    197.299  0.000e+00
    182.096    13.7999    38.4530     2.0646     4.5452    197.286  0.000e+00
    182.343    13.8000    38.4533     2.0646     4.5451    197.282  0.000e+00
    182.234    13.7998    38.4543     2.0646     4.5449    197.271  0.000e+00
    182.292    13.8002    38.4535     2.0646     4.5448    197.267  0.000e+00
    182.292    13.8000    38.4533     2.0634     4.5408    197.092  0.000e+00
    182.292    13.8000    38.4529     2.0646     4.5444    197.249  0.000e+00
    182.307    13.8000    38.4535     2.0646     4.5444    197.250  0.000e+00
    182.343    13.8003    38.4538     2.0646     4.5444    197.253  0.000e+00
    182.343    13.8002    38.4542     2.0634     4.5406    197.085  0.000e+00
    182.394    13.8003    38.4540     2.0634     4.5404    197.078  0.000e+00
    182.343    13.8003    38.4531     2.0634     4.5403    197.073  0.000e+00
    182.394    13.8002    38.4534     2.0634     4.5403    197.071  0.000e+00
    182.467    13.8003    38.4537     2.0634     4.5403    197.073  0.000e+00
    182.452    13.8006    38.4538     2.0634     4.5403    197.073  0.000e+00
    182.452    13.8004    38.4544     2.0634     4.5404    197.079  0.000e+00
    182.503    13.8006    38.4535     2.0634     4.5407    197.088  0.000e+00
    182.503    13.8004    38.4536     2.0634     4.5405    197.083  0.000e+00
    182.503    13.8006    38.4533     2.0634     4.5404    197.079  0.000e+00
    182.576    13.8004    38.4541     2.0634     4.5404    197.078  0.000e+00
    182.554    13.8007    38.4547     2.0634     4.5404    197.076  0.000e+00
    182.612    13.8008    38.4546     2.0634     4.5404    197.079  0.000e+00
    182.663    13.8008    38.4542     2.0634     4.5409    197.101  0.000e+00
    182.612    13.8006    38.4541     2.0634     4.5411    197.107  0.000e+00
    182.722    13.8008    38.4542     2.0634     4.5413    197.117  0.000e+00
    182.721    13.8009    38.4543     2.0634     4.5416    197.127  0.000e+00
    182.736    13.8008    38.4552     2.0634     4.5418    197.139  0.000e+00
    182.772    13.8010    38.4553     2.0621     4.5382    196.981  0.000e+00
    182.772    13.8010    38.4547     2.0634     4.5422    197.155  0.000e+00
    182.882    13.8011    38.4544     2.0634     4.5427    197.177  0.000e+00
    182.823    13.8010    38.4544     2.0621     4.5392    197.024  0.000e+00
    182.933    13.8011    38.4549     2.0621     4.5394    197.034  0.000e+00
    182.947    13.8011    38.4556     2.0621     4.5396    197.044  0.000e+00
    182.984    13.8012    38.4556     2.0621     4.5399    197.057  0.000e+00
    182.983    13.8011    38.4556     2.0621     4.5399    197.057  0.000e+00
    183.042    13.8013    38.4550     2.0621     4.5400    197.060  0.000e+00
    183.093    13.8014    38.4547     2.0621     4.5401    197.064  0.000e+00
    183.144    13.8013    38.4550     2.0621     4.5403    197.071  0.000e+00
    183.107    13.8013    38.4560     2.0621     4.5404    197.076  0.000e+00
    183.253    13.8014    38.4556     2.0621     4.5407    197.089  0.000e+00
    183.202    13.8014    38.4548     2.0621     4.5409    197.099  0.000e+00
    183.253    13.8014    38.4547     2.0621     4.5413    197.114  0.000e+00
    183.304    13.8016    38.4546     2.0622     4.5416    197.130  0.000e+00
    183.304    13.8014    38.4560     2.0622     4.5416    197.129  0.000e+00
    183.413    13.8018    38.4563     2.0609     4.5377    196.959  0.000e+00
    183.377    13.8016    38.4560     2.0609     4.5374    196.948  0.000e+00
    183.464    13.8016    38.4556     2.0622     4.5412    197.113  0.000e+00
    183.464    13.8016    38.4555     2.0609     4.5374    196.948  0.000e+00
    183.522    13.8018    38.4558     2.0609     4.5373    196.942  0.000e+00
    183.522    13.8018    38.4563     2.0622     4.5411    197.109  0.000e+00
    183.624    13.8016    38.4565     2.0609     4.5375    196.952  0.000e+00
    183.624    13.8018    38.4558     2.0609     4.5375    196.951  0.000e+00
    183.646    13.8019    38.4554     2.0609     4.5375    196.952  0.000e+00
    183.733    13.8018    38.4558     2.0609     4.5376    196.957  0.000e+00
    183.733    13.8020    38.4566     2.0609     4.5373    196.943  0.000e+00
    183.733    13.8019    38.4571     2.0609     4.5374    196.949  0.000e+00
    183.784    13.8021    38.4568     2.0609     4.5376    196.957  0.000e+00
    183.842    13.8021    38.4559     2.0609     4.5379    196.970  0.000e+00
    183.784    13.8020    38.4557     2.0609     4.5378    196.965  0.000e+00
    183.944    13.8021    38.4563     2.0609     4.5378    196.964  0.000e+00
    183.908    13.8019    38.4568     2.0609     4.5377    196.961  0.000e+00
    183.944    13.8020    38.4567     2.0597     4.5338    196.789  0.000e+00
    184.002    13.8018    38.4563     2.0597     4.5335    196.777  0.000e+00
    184.002    13.8019    38.4558     2.0597     4.5332    196.765  0.000e+00
    184.053    13.8018    38.4563     2.0597     4.5330    196.755  0.000e+00
    184.053    13.8018    38.4565     2.0597     4.5328    196.747  0.000e+00
    184.104    13.8018    38.4570     2.0597     4.5327    196.741  0.000e+00
    184.126    13.8018    38.4572     2.0585     4.5286    196.564  0.000e+00
    184.104    13.8019    38.4566     2.0597     4.5321    196.719  0.000e+00
    184.163    13.8018    38.4559     2.0585     4.5282    196.549  0.000e+00
    184.213    13.8018    38.4559     2.0585     4.5280    196.537  0.000e+00
    184.213    13.8018    38.4566     2.0585     4.5277    196.526  0.000e+00
    184.264    13.8018    38.4573     2.0585     4.5275    196.518  0.000e+00
    184.264    13.8018    38.4570     2.0585     4.5274    196.513  0.000e+00
    184.264    13.8020    38.4560     2.0585     4.5274    196.511  0.000e+00
    184.395    13.8016    38.4561     2.0585     4.5275    196.516  0.000e+00
    184.323    13.8016    38.4568     2.0585     4.5271    196.499  0.000e+00
    184.374    13.8014    38.4573     2.0585     4.5272    196.505  0.000e+00
    184.424    13.8013    38.4571     2.0585     4.5274    196.515  0.000e+00
    184.424    13.8014    38.4568     2.0585     4.5273    196.508  0.000e+00
    184.483    13.8011    38.4565     2.0585     4.5273    196.506  0.000e+00
    184.483    13.8010    38.4565     2.0573     4.5232    196.331  0.000e+00
    184.534    13.8011    38.4572     2.0585     4.5268    196.488  0.000e+00
    184.555    13.8010    38.4575     2.0585     4.5269    196.491  0.000e+00
    184.592    13.8012    38.4572     2.0585     4.5270    196.495  0.000e+00
    184.592    13.8010    38.4566     2.0573     4.5232    196.330  0.000e+00
    184.643    13.8010    38.4568     2.0573     4.5231    196.324  0.000e+00
    184.694    13.8009    38.4569     2.0573     4.5230    196.321  0.000e+00
    184.643    13.8011    38.4571     2.0573     4.5229    196.317  0.000e+00
    184.752    13.8010    38.4575     2.0585     4.5269    196.492  0.000e+00
    184.752    13.8010    38.4572     2.0573     4.5234    196.339  0.000e+00
    184.803    13.8011    38.4563     2.0573     4.5236    196.346  0.000e+00
    184.766    13.8007    38.4566     2.0573     4.5238    196.354  0.000e+00
    184.854    13.8010    38.4571     2.0573     4.5236    196.349  0.000e+00
    184.912    13.8010    38.4575     2.0573     4.5236    196.345  0.000e+00
    184.854    13.8012    38.4572     2.0573     4.5238    196.358  0.000e+00
    184.912    13.8010    38.4565     2.0573     4.5239    196.362  0.000e+00
    184.963    13.8010    38.4566     2.0573     4.5240    196.365  0.000e+00
    185.014    13.8010    38.4567     2.0573     4.5245    196.388  0.000e+00
    185.014    13.8008    38.4575     2.0573     4.5247    196.394  0.000e+00
    185.072    13.8009    38.4577     2.0573     4.5249    196.404  0.000e+00
    185.138    13.8010    38.4565     2.0560     4.5213    196.246  0.000e+00
    185.072    13.8006    38.4565     2.0560     4.5212    196.244  0.000e+00
    185.174    13.8009    38.4564     2.0573     4.5252    196.419  0.000e+00
    185.174    13.8006    38.4576     2.0573     4.5256    196.436  0.000e+00
    185.232    13.8009    38.4574     2.0573     4.5261    196.457  0.000e+00
    185.283    13.8004    38.4577     2.0560     4.5227    196.309  0.000e+00
    185.283    13.8006    38.4567     2.0560     4.5229    196.319  0.000e+00
    185.283    13.8006    38.4567     2.0560     4.5232    196.331  0.000e+00
    185.334    13.8008    38.4568     2.0560     4.5236    196.346  0.000e+00
    185.443    13.8006    38.4576     2.0560     4.5236    196.349  0.000e+00
    185.407    13.8006    38.4578     2.0560     4.5237    196.350  0.000e+00
    185.392    13.8004    38.4574     2.0560     4.5238    196.356  0.000e+00
    185.443    13.8004    38.4570     2.0560     4.5240    196.364  0.000e+00
    185.552    13.8004    38.4568     2.0560     4.5242    196.375  0.000e+00
    185.494    13.8004    38.4574     2.0560     4.5244    196.384  0.000e+00
    185.552    13.8006    38.4576     2.0560     4.5244    196.380  0.000e+00
    185.552    13.8004    38.4577     2.0560     4.5247    196.395  0.000e+00
    185.603    13.8004    38.4570     2.0548     4.5207    196.223  0.000e+00
    185.603    13.8006    38.4569     2.0560     4.5244    196.381  0.000e+00
    185.654    13.8004    38.4574     2.0560     4.5245    196.385  0.000e+00
    185.676    13.8004    38.4578     2.0560     4.5246    196.389  0.000e+00
    185.654    13.8006    38.4582     2.0560     4.5246    196.392  0.000e+00
    185.712    13.8006    38.4576     2.0560     4.5248    196.401  0.000e+00
    185.763    13.8007    38.4569     2.0560     4.5251    196.411  0.000e+00
    185.712    13.8004    38.4571     2.0560     4.5253    196.420  0.000e+00
    185.814    13.8004    38.4579     2.0560     4.5255    196.432  0.000e+00
    185.814    13.8006    38.4581     2.0560     4.5258    196.443  0.000e+00
    185.814    13.8004    38.4579     2.0548     4.5221    196.284  0.000e+00
    185.873    13.8006    38.4574     2.0548     4.5222    196.285  0.000e+00
    185.873    13.8004    38.4574     2.0548     4.5218    196.270  0.000e+00
    185.924    13.8003    38.4576     2.0548     4.5219    196.274  0.000e+00
    185.945    13.8004    38.4580     2.0548     4.5220    196.278  0.000e+00
    185.923    13.8006    38.4585     2.0548     4.5221    196.283  0.000e+00
    185.974    13.8004    38.4580     2.0548     4.5220    196.278  0.000e+00
