Data/2022/Day1/ctds/1.cnv
* Sea-Bird SBE 9 Data File:
* FileName = C:\CTD\Mir-MER\ST1_D1.hex
* Software Version Seasave V 7.26.7.121
* Temperature SN = 0809
* Conductivity SN = 3159
* Number of Bytes Per Scan = 24
* Number of Voltage Words = 4
* Number of Scans Averaged by the Deck Unit = 1
** Ship: antedon
** Station: ST1
** Operator: me and myself
# nquan = 7
# nvalues = 30716                                 
# units = specified
# name 0 = prDM: Pressure, Digiquartz [db]
# name 1 = t090C: Temperature [ITS-90, deg C]
# name 2 = sal00: Salinity, Practical [PSU]
# name 3 = sbeox0V: Oxygen raw, SBE 43 [V]
# name 4 = sbeox0ML/L: Oxygen, SBE 43 [ml/l]
# name 5 = sbox0Mm/Kg: Oxygen, SBE 43 [umol/kg]
# name 6 = flag:  0.000e+00
# span 0 =     -0.646,    505.224                 
# span 1 =    13.7882,    21.3978                 
# span 2 =    38.0773,    38.6949                 
# span 3 =     1.7632,     2.6545                 
# span 4 =     3.7984,     5.7740                 
# span 5 =    164.842,    250.804                 
# span 6 = 0.0000e+00, 0.0000e+00                 
# interval = seconds: 0.0416667
# start_time = Oct 11 2022 09:48:24 [System UTC, header]
# bad_flag = -9.990e-29
*END*
[from data line 15180]
    492.650    13.9000    38.6800     1.7668     3.8046    165.111  0.000e+00
    492.621    13.9002    38.6794     1.7668     3.8047    165.118  0.000e+00
    492.672    13.9000    38.6794     1.7668     3.8049    165.127  0.000e+00
    492.731    13.9002    38.6794     1.7668     3.8051    165.135  0.000e+00
    492.753    13.9002    38.6793     1.7656     3.8011    164.962  0.000e+00
    492.782    13.9002    38.6794     1.7668     3.8051    165.134  0.000e+00
    492.840    13.9002    38.6793     1.7668     3.8053    165.143  0.000e+00
    492.840    13.9002    38.6794     1.7668     3.8055    165.151  0.000e+00
    492.921    13.9003    38.6796     1.7668     3.8057    165.159  0.000e+00
    492.892    13.9003    38.6792     1.7668     3.8058    165.167  0.000e+00
    493.002    13.9002    38.6791     1.7668     3.8061    165.178  0.000e+00
    493.002    13.9003    38.6794     1.7656     3.8021    165.005  0.000e+00
    493.024    13.9000    38.6797     1.7656     3.8019    164.997  0.000e+00
    493.104    13.9000    38.6788     1.7668     3.8060    165.172  0.000e+00
    493.104    13.8999    38.6791     1.7656     3.8020    165.002  0.000e+00
    493.163    13.9000    38.6800     1.7656     3.8019    164.994  0.000e+00
    493.214    13.9002    38.6799     1.7656     3.8017    164.988  0.000e+00
    493.243    13.9000    38.6794     1.7668     3.8058    165.165  0.000e+00
    493.273    13.9002    38.6790     1.7656     3.8019    164.997  0.000e+00
    493.324    13.9000    38.6793     1.7668     3.8060    165.173  0.000e+00
    493.434    13.9002    38.6792     1.7656     3.8021    165.007  0.000e+00
    493.404    13.9002    38.6793     1.7668     3.8062    165.182  0.000e+00
    493.434    13.9000    38.6794     1.7668     3.8065    165.196  0.000e+00
    493.544    13.9003    38.6793     1.7668     3.8068    165.210  0.000e+00
    493.544    13.9000    38.6795     1.7668     3.8071    165.224  0.000e+00
    493.566    13.9002    38.6794     1.7668     3.8074    165.237  0.000e+00
    493.646    13.9000    38.6788     1.7668     3.8078    165.253  0.000e+00
    493.705    13.9002    38.6798     1.7668     3.8081    165.265  0.000e+00
    493.756    13.9002    38.6796     1.7668     3.8084    165.279  0.000e+00
    493.705    13.9003    38.6791     1.7668     3.8087    165.291  0.000e+00
    493.837    13.9000    38.6792     1.7668     3.8091    165.308  0.000e+00
    493.866    13.9003    38.6795     1.7668     3.8094    165.320  0.000e+00
    493.976    13.9000    38.6794     1.7656     3.8052    165.138  0.000e+00
    493.917    13.9002    38.6788     1.7656     3.8046    165.115  0.000e+00
    494.056    13.9002    38.6794     1.7656     3.8046    165.113  0.000e+00
    494.078    13.9000    38.6794     1.7668     3.8087    165.291  0.000e+00
    494.137    13.9002    38.6790     1.7668     3.8086    165.287  0.000e+00
    494.137    13.8999    38.6794     1.7668     3.8085    165.283  0.000e+00
    494.239    13.9000    38.6792     1.7668     3.8088    165.297  0.000e+00
    494.269    13.8999    38.6795     1.7668     3.8091    165.310  0.000e+00
    494.298    13.9000    38.6794     1.7656     3.8053    165.142  0.000e+00
    494.349    13.9002    38.6792     1.7656     3.8052    165.139  0.000e+00
    494.408    13.9000    38.6793     1.7668     3.8089    165.299  0.000e+00
    494.488    13.9000    38.6799     1.7668     3.8088    165.295  0.000e+00
    494.510    13.9002    38.6791     1.7656     3.8045    165.110  0.000e+00
    494.510    13.9000    38.6795     1.7668     3.8081    165.267  0.000e+00
    494.569    13.9002    38.6797     1.7668     3.8080    165.261  0.000e+00
    494.620    13.9000    38.6795     1.7668     3.8079    165.256  0.000e+00
    494.701    13.9000    38.6793     1.7668     3.8082    165.268  0.000e+00
    494.730    13.9002    38.6793     1.7668     3.8084    165.278  0.000e+00
    494.730    13.9000    38.6802     1.7656     3.8045    165.107  0.000e+00
    494.840    13.9002    38.6793     1.7656     3.8044    165.104  0.000e+00
    494.840    13.9000    38.6791     1.7656     3.8043    165.099  0.000e+00
    494.921    13.8999    38.6788     1.7668     3.8079    165.259  0.000e+00
    494.891    13.8997    38.6793     1.7668     3.8082    165.269  0.000e+00
    495.001    13.8995    38.6791     1.7656     3.8044    165.104  0.000e+00
    495.001    13.8993    38.6782     1.7668     3.8085    165.281  0.000e+00
    495.052    13.8992    38.6788     1.7656     3.8046    165.114  0.000e+00
    495.133    13.8992    38.6792     1.7656     3.8045    165.111  0.000e+00
    495.111    13.8988    38.6792     1.7668     3.8086    165.288  0.000e+00
    495.162    13.8988    38.6788     1.7668     3.8086    165.285  0.000e+00
    495.214    13.8988    38.6789     1.7668     3.8085    165.281  0.000e+00
    495.272    13.8988    38.6793     1.7668     3.8088    165.294  0.000e+00
    495.294    13.8987    38.6793     1.7668     3.8087    165.289  0.000e+00
    495.375    13.8987    38.6791     1.7668     3.8086    165.285  0.000e+00
    495.323    13.8988    38.6792     1.7656     3.8042    165.096  0.000e+00
    495.433    13.8988    38.6793     1.7656     3.8041    165.091  0.000e+00
    495.485    13.8985    38.6791     1.7668     3.8078    165.251  0.000e+00
    495.485    13.8987    38.6787     1.7668     3.8080    165.261  0.000e+00
    495.565    13.8987    38.6789     1.7656     3.8037    165.075  0.000e+00
    495.543    13.8983    38.6792     1.7656     3.8036    165.069  0.000e+00
    495.704    13.8985    38.6785     1.7656     3.8035    165.067  0.000e+00
    495.646    13.8981    38.6788     1.7656     3.8034    165.062  0.000e+00
    495.704    13.8981    38.6787     1.7668     3.8075    165.239  0.000e+00
    495.734    13.8980    38.6793     1.7668     3.8078    165.252  0.000e+00
    495.807    13.8981    38.6786     1.7668     3.8081    165.267  0.000e+00
    495.807    13.8977    38.6788     1.7668     3.8085    165.281  0.000e+00
    495.865    13.8977    38.6790     1.7668     3.8088    165.295  0.000e+00
    495.917    13.8977    38.6791     1.7668     3.8091    165.309  0.000e+00
    495.917    13.8975    38.6788     1.7668     3.8094    165.323  0.000e+00
    495.997    13.8973    38.6782     1.7668     3.8098    165.339  0.000e+00
    495.975    13.8968    38.6787     1.7668     3.8097    165.335  0.000e+00
    496.078    13.8967    38.6788     1.7668     3.8096    165.332  0.000e+00
    496.078    13.8965    38.6785     1.7668     3.8095    165.326  0.000e+00
    496.136    13.8961    38.6785     1.7668     3.8098    165.339  0.000e+00
    496.166    13.8960    38.6787     1.7668     3.8101    165.351  0.000e+00
    496.188    13.8963    38.6791     1.7668     3.8103    165.361  0.000e+00
    496.239    13.8960    38.6788     1.7668     3.8106    165.374  0.000e+00
    496.298    13.8961    38.6783     1.7656     3.8067    165.206  0.000e+00
    496.298    13.8960    38.6790     1.7668     3.8103    165.362  0.000e+00
    496.349    13.8961    38.6790     1.7668     3.8102    165.355  0.000e+00
    496.378    13.8961    38.6785     1.7668     3.8104    165.367  0.000e+00
    496.459    13.8961    38.6782     1.7656     3.8066    165.199  0.000e+00
    496.459    13.8963    38.6789     1.7656     3.8060    165.173  0.000e+00
    496.510    13.8960    38.6790     1.7656     3.8059    165.168  0.000e+00
    496.510    13.8963    38.6778     1.7656     3.8057    165.163  0.000e+00
    496.569    13.8961    38.6783     1.7668     3.8098    165.339  0.000e+00
    496.649    13.8961    38.6788     1.7668     3.8101    165.353  0.000e+00
    496.678    13.8961    38.6789     1.7656     3.8063    165.185  0.000e+00
    496.678    13.8963    38.6784     1.7656     3.8057    165.163  0.000e+00
    496.781    13.8961    38.6784     1.7656     3.8053    165.143  0.000e+00
    496.781    13.8965    38.6786     1.7668     3.8089    165.300  0.000e+00
    496.839    13.8963    38.6788     1.7656     3.8051    165.134  0.000e+00
    496.839    13.8965    38.6785     1.7668     3.8091    165.309  0.000e+00
    496.971    13.8965    38.6781     1.7656     3.8049    165.127  0.000e+00
    496.942    13.8961    38.6792     1.7656     3.8048    165.122  0.000e+00
    497.052    13.8968    38.6786     1.7656     3.8043    165.101  0.000e+00
    497.001    13.8965    38.6785     1.7656     3.8038    165.080  0.000e+00
    497.110    13.8965    38.6784     1.7656     3.8038    165.079  0.000e+00
    497.162    13.8965    38.6785     1.7668     3.8079    165.257  0.000e+00
    497.140    13.8965    38.6790     1.7668     3.8082    165.270  0.000e+00
    497.272    13.8967    38.6780     1.7656     3.8045    165.108  0.000e+00
    497.323    13.8965    38.6784     1.7656     3.8045    165.107  0.000e+00
    497.323    13.8965    38.6790     1.7656     3.8044    165.105  0.000e+00
    497.433    13.8968    38.6784     1.7656     3.8040    165.088  0.000e+00
    497.433    13.8965    38.6784     1.7656     3.8036    165.071  0.000e+00
    497.484    13.8963    38.6784     1.7668     3.8078    165.252  0.000e+00
    497.572    13.8963    38.6792     1.7668     3.8082    165.269  0.000e+00
    497.594    13.8965    38.6787     1.7656     3.8040    165.088  0.000e+00
    497.645    13.8965    38.6783     1.7656     3.8036    165.071  0.000e+00
    497.704    13.8965    38.6783     1.7656     3.8032    165.053  0.000e+00
    497.806    13.8963    38.6794     1.7656     3.8028    165.036  0.000e+00
    497.806    13.8965    38.6789     1.7668     3.8070    165.216  0.000e+00
    497.865    13.8965    38.6785     1.7656     3.8032    165.054  0.000e+00
    497.843    13.8967    38.6784     1.7656     3.8032    165.053  0.000e+00
    498.026    13.8965    38.6790     1.7656     3.8033    165.057  0.000e+00
    498.077    13.8963    38.6789     1.7656     3.8034    165.060  0.000e+00
    498.026    13.8965    38.6789     1.7656     3.8034    165.061  0.000e+00
    498.136    13.8967    38.6788     1.7668     3.8077    165.246  0.000e+00
    498.187    13.8965    38.6785     1.7668     3.8082    165.268  0.000e+00
    498.187    13.8965    38.6785     1.7668     3.8086    165.288  0.000e+00
    498.348    13.8967    38.6786     1.7656     3.8050    165.130  0.000e+00
    498.275    13.8970    38.6793     1.7668     3.8092    165.311  0.000e+00
    498.407    13.8968    38.6795     1.7656     3.8056    165.155  0.000e+00
    498.407    13.8971    38.6787     1.7656     3.8056    165.159  0.000e+00
    498.458    13.8971    38.6783     1.7656     3.8058    165.165  0.000e+00
    498.510    13.8970    38.6784     1.7656     3.8060    165.173  0.000e+00
    498.510    13.8970    38.6786     1.7656     3.8057    165.161  0.000e+00
    498.568    13.8970    38.6788     1.7656     3.8059    165.168  0.000e+00
    498.678    13.8970    38.6784     1.7656     3.8061    165.178  0.000e+00
    498.678    13.8970    38.6785     1.7668     3.8104    165.366  0.000e+00
    498.759    13.8971    38.6790     1.7668     3.8106    165.374  0.000e+00
    498.781    13.8968    38.6788     1.7656     3.8066    165.202  0.000e+00
    498.781    13.8970    38.6782     1.7656     3.8064    165.191  0.000e+00
    498.839    13.8968    38.6789     1.7656     3.8062    165.182  0.000e+00
    498.890    13.8970    38.6785     1.7656     3.8064    165.190  0.000e+00
    498.942    13.8968    38.6781     1.7656     3.8066    165.200  0.000e+00
    499.000    13.8967    38.6786     1.7656     3.8064    165.192  0.000e+00
    499.000    13.8967    38.6788     1.7656     3.8062    165.182  0.000e+00
    498.920    13.8967    38.6792     1.7656     3.8059    165.171  0.000e+00
    499.213    13.8967    38.6786     1.7656     3.8063    165.186  0.000e+00
    499.110    13.8968    38.6788     1.7656     3.8060    165.175  0.000e+00
    499.161    13.8967    38.6791     1.7656     3.8063    165.185  0.000e+00
    499.213    13.8967    38.6791     1.7656     3.8061    165.178  0.000e+00
    499.213    13.8970    38.6780     1.7656     3.8059    165.171  0.000e+00
    499.271    13.8968    38.6783     1.7656     3.8058    165.164  0.000e+00
    499.271    13.8966    38.6787     1.7656     3.8056    165.156  0.000e+00
    499.323    13.8970    38.6787     1.7656     3.8054    165.148  0.000e+00
    499.323    13.8967    38.6788     1.7656     3.8057    165.159  0.000e+00
    499.352    13.8968    38.6785     1.7656     3.8059    165.171  0.000e+00
    499.432    13.8968    38.6785     1.7656     3.8058    165.166  0.000e+00
    499.432    13.8968    38.6785     1.7656     3.8057    165.160  0.000e+00
    499.484    13.8970    38.6781     1.7656     3.8055    165.154  0.000e+00
    499.432    13.8968    38.6783     1.7656     3.8054    165.147  0.000e+00
    499.542    13.8968    38.6787     1.7656     3.8053    165.142  0.000e+00
    499.542    13.8968    38.6786     1.7656     3.8055    165.154  0.000e+00
    499.542    13.8968    38.6785     1.7656     3.8058    165.166  0.000e+00
    499.594    13.8970    38.6782     1.7656     3.8057    165.162  0.000e+00
    499.645    13.8968    38.6789     1.7656     3.8056    165.158  0.000e+00
    499.623    13.8967    38.6785     1.7656     3.8055    165.153  0.000e+00
    499.703    13.8970    38.6779     1.7656     3.8054    165.150  0.000e+00
    499.703    13.8968    38.6786     1.7656     3.8057    165.162  0.000e+00
    499.703    13.8970    38.6789     1.7656     3.8056    165.157  0.000e+00
    499.755    13.8968    38.6789     1.7656     3.8055    165.154  0.000e+00
    499.813    13.8968    38.6787     1.7656     3.8055    165.152  0.000e+00
    499.755    13.8970    38.6786     1.7644     3.8012    164.965  0.000e+00
    499.865    13.8968    38.6793     1.7644     3.8008    164.946  0.000e+00
    499.865    13.8970    38.6787     1.7644     3.8007    164.944  0.000e+00
    499.916    13.8970    38.6782     1.7644     3.8007    164.945  0.000e+00
    499.974    13.8971    38.6787     1.7644     3.8007    164.946  0.000e+00
    499.952    13.8971    38.6789     1.7656     3.8045    165.110  0.000e+00
    500.026    13.8970    38.6786     1.7656     3.8050    165.132  0.000e+00
    500.077    13.8970    38.6784     1.7644     3.8010    164.955  0.000e+00
    500.077    13.8970    38.6784     1.7656     3.8048    165.121  0.000e+00
    500.187    13.8968    38.6788     1.7656     3.8049    165.126  0.000e+00
    500.136    13.8968    38.6790     1.7644     3.8008    164.948  0.000e+00
    500.245    13.8968    38.6787     1.7644     3.8005    164.937  0.000e+00
    500.245    13.8970    38.6786     1.7644     3.8002    164.923  0.000e+00
    500.348    13.8968    38.6788     1.7644     3.8000    164.913  0.000e+00
    500.348    13.8968    38.6786     1.7644     3.8001    164.920  0.000e+00
    500.407    13.8968    38.6785     1.7656     3.8045    165.110  0.000e+00
    500.458    13.8970    38.6785     1.7656     3.8047    165.118  0.000e+00
    500.516    13.8970    38.6789     1.7644     3.8008    164.946  0.000e+00
    500.546    13.8968    38.6781     1.7644     3.8006    164.940  0.000e+00
    500.619    13.8970    38.6780     1.7644     3.8004    164.933  0.000e+00
    500.619    13.8968    38.6784     1.7656     3.8044    165.106  0.000e+00
    500.729    13.8968    38.6786     1.7656     3.8047    165.119  0.000e+00
    500.729    13.8970    38.6783     1.7656     3.8049    165.128  0.000e+00
    500.780    13.8970    38.6783     1.7656     3.8052    165.139  0.000e+00
    500.839    13.8970    38.6790     1.7656     3.8054    165.150  0.000e+00
    500.949    13.8971    38.6790     1.7644     3.8016    164.981  0.000e+00
    500.949    13.8971    38.6784     1.7644     3.8014    164.975  0.000e+00
    501.051    13.8971    38.6787     1.7644     3.8013    164.972  0.000e+00
    501.051    13.8973    38.6790     1.7644     3.8012    164.966  0.000e+00
