Data/2022/Day1/ctds/1.cnv
* Sea-Bird SBE 9 Data File:
* FileName = C:\CTD\Mir-MER\ST1_D1.hex
* Software Version Seasave V 7.26.7.121
* Temperature SN = 0809
* Conductivity SN = 3159
* Number of Bytes Per Scan = 24
* Number of Voltage Words = 4
* Number of Scans Averaged by the Deck Unit = 1
** Ship: antedon
** Station: ST1
** Operator: me and myself
# nquan = 7
# nvalues = 30716                                 
# units = specified
# name 0 = prDM: Pressure, Digiquartz [db]
# name 1 = t090C: Temperature [ITS-90, deg C]
# name 2 = sal00: Salinity, Practical [PSU]
# name 3 = sbeox0V: Oxygen raw, SBE 43 [V]
# name 4 = sbeox0ML/L: Oxygen, SBE 43 [ml/l]
# name 5 = sbox0Mm/Kg: Oxygen, SBE 43 [umol/kg]
# name 6 = flag:  0.000e+00
# span 0 =     -0.646,    505.224                 
# span 1 =    13.7882,    21.3978                 
# span 2 =    38.0773,    38.6949                 
# span 3 =     1.7632,     2.6545                 
# span 4 =     3.7984,     5.7740                 
# span 5 =    164.842,    250.804                 
# span 6 = 0.0000e+00, 0.0000e+00                 
# interval = seconds: 0.0416667
# start_time = Oct 11 2022 09:48:24 [System UTC, header]
# bad_flag = -9.990e-29
*END*
[from data line 24616]
    178.328    13.7943    38.4504     2.0489     4.5130    195.889  0.000e+00
    178.270    13.7944    38.4494     2.0489     4.5129    195.886  0.000e+00
    178.175    13.7943    38.4497     2.0489     4.5128    195.879  0.000e+00
    178.110    13.7944    38.4503     2.0501     4.5166    196.044  0.000e+00
    178.110    13.7944    38.4505     2.0501     4.5164    196.038  0.000e+00
    178.059    13.7945    38.4514     2.0501     4.5162    196.027  0.000e+00
    177.964    13.7946    38.4508     2.0501     4.5159    196.014  0.000e+00
    177.950    13.7950    38.4500     2.0501     4.5160    196.017  0.000e+00
    177.899    13.7949    38.4500     2.0501     4.5160    196.019  0.000e+00
    177.804    13.7953    38.4497     2.0501     4.5160    196.017  0.000e+00
    177.789    13.7955    38.4494     2.0501     4.5159    196.016  0.000e+00
    177.738    13.7956    38.4495     2.0501     4.5159    196.013  0.000e+00
    177.680    13.7957    38.4496     2.0501     4.5158    196.008  0.000e+00
    177.644    13.7956    38.4491     2.0501     4.5157    196.004  0.000e+00
    177.578    13.7956    38.4489     2.0501     4.5155    195.998  0.000e+00
    177.520    13.7958    38.4486     2.0501     4.5153    195.989  0.000e+00
    177.520    13.7956    38.4489     2.0501     4.5152    195.982  0.000e+00
    177.425    13.7956    38.4495     2.0513     4.5189    196.142  0.000e+00
    177.418    13.7957    38.4494     2.0501     4.5153    195.990  0.000e+00
    177.309    13.7957    38.4490     2.0513     4.5194    196.165  0.000e+00
    177.214    13.7957    38.4487     2.0513     4.5198    196.182  0.000e+00
    177.360    13.7959    38.4477     2.0501     4.5163    196.031  0.000e+00
    177.200    13.7957    38.4480     2.0513     4.5202    196.201  0.000e+00
    177.200    13.7958    38.4486     2.0513     4.5205    196.216  0.000e+00
    177.163    13.7957    38.4487     2.0513     4.5209    196.230  0.000e+00
    177.098    13.7958    38.4482     2.0513     4.5208    196.225  0.000e+00
    177.039    13.7956    38.4487     2.0513     4.5210    196.235  0.000e+00
    177.039    13.7957    38.4475     2.0513     4.5212    196.246  0.000e+00
    177.003    13.7955    38.4472     2.0526     4.5254    196.427  0.000e+00
    176.937    13.7957    38.4468     2.0526     4.5259    196.447  0.000e+00
    176.937    13.7955    38.4476     2.0526     4.5263    196.468  0.000e+00
    176.894    13.7956    38.4477     2.0513     4.5227    196.312  0.000e+00
    176.828    13.7956    38.4480     2.0526     4.5267    196.484  0.000e+00
    176.828    13.7955    38.4482     2.0526     4.5271    196.499  0.000e+00
    176.777    13.7956    38.4476     2.0526     4.5273    196.511  0.000e+00
    176.785    13.7955    38.4466     2.0526     4.5276    196.524  0.000e+00
    176.719    13.7954    38.4463     2.0526     4.5278    196.532  0.000e+00
    176.668    13.7951    38.4465     2.0526     4.5280    196.539  0.000e+00
    176.624    13.7952    38.4469     2.0526     4.5281    196.542  0.000e+00
    176.617    13.7951    38.4474     2.0538     4.5321    196.718  0.000e+00
    176.559    13.7950    38.4474     2.0538     4.5325    196.733  0.000e+00
    176.522    13.7951    38.4470     2.0538     4.5328    196.746  0.000e+00
    176.508    13.7949    38.4457     2.0538     4.5331    196.759  0.000e+00
    176.508    13.7946    38.4444     2.0538     4.5333    196.771  0.000e+00
    176.399    13.7943    38.4436     2.0538     4.5334    196.776  0.000e+00
    176.355    13.7940    38.4436     2.0538     4.5335    196.780  0.000e+00
    176.348    13.7936    38.4441     2.0538     4.5336    196.781  0.000e+00
    176.348    13.7936    38.4443     2.0538     4.5339    196.796  0.000e+00
    176.253    13.7935    38.4445     2.0550     4.5377    196.962  0.000e+00
    176.238    13.7932    38.4440     2.0550     4.5379    196.972  0.000e+00
    176.187    13.7933    38.4434     2.0538     4.5341    196.804  0.000e+00
    176.144    13.7932    38.4428     2.0538     4.5338    196.791  0.000e+00
    176.078    13.7929    38.4430     2.0538     4.5338    196.791  0.000e+00
    176.078    13.7930    38.4429     2.0550     4.5377    196.962  0.000e+00
    175.976    13.7931    38.4428     2.0550     4.5379    196.971  0.000e+00
    175.984    13.7931    38.4433     2.0550     4.5381    196.979  0.000e+00
    175.976    13.7929    38.4443     2.0550     4.5383    196.985  0.000e+00
    175.867    13.7931    38.4441     2.0550     4.5383    196.986  0.000e+00
    175.823    13.7930    38.4433     2.0550     4.5383    196.987  0.000e+00
    175.809    13.7927    38.4433     2.0550     4.5383    196.987  0.000e+00
    175.707    13.7931    38.4431     2.0550     4.5381    196.979  0.000e+00
    175.772    13.7929    38.4435     2.0562     4.5420    197.147  0.000e+00
    175.598    13.7931    38.4434     2.0550     4.5380    196.976  0.000e+00
    175.598    13.7931    38.4441     2.0562     4.5417    197.134  0.000e+00
    175.554    13.7929    38.4447     2.0562     4.5417    197.134  0.000e+00
    175.488    13.7931    38.4451     2.0562     4.5415    197.127  0.000e+00
    175.437    13.7932    38.4449     2.0562     4.5417    197.135  0.000e+00
    175.343    13.7932    38.4443     2.0562     4.5415    197.125  0.000e+00
    175.437    13.7933    38.4437     2.0562     4.5416    197.132  0.000e+00
    175.277    13.7934    38.4438     2.0562     4.5416    197.128  0.000e+00
    175.226    13.7935    38.4441     2.0562     4.5411    197.109  0.000e+00
    175.234    13.7934    38.4451     2.0562     4.5410    197.103  0.000e+00
    175.117    13.7936    38.4456     2.0562     4.5407    197.092  0.000e+00
    175.117    13.7935    38.4456     2.0562     4.5405    197.083  0.000e+00
    175.022    13.7937    38.4450     2.0562     4.5402    197.068  0.000e+00
    174.957    13.7936    38.4449     2.0562     4.5398    197.051  0.000e+00
    174.957    13.7937    38.4446     2.0562     4.5394    197.034  0.000e+00
    174.862    13.7937    38.4446     2.0562     4.5392    197.028  0.000e+00
    174.797    13.7938    38.4442     2.0562     4.5391    197.020  0.000e+00
    174.746    13.7934    38.4437     2.0575     4.5429    197.186  0.000e+00
    174.753    13.7931    38.4435     2.0575     4.5427    197.177  0.000e+00
    174.636    13.7931    38.4432     2.0575     4.5427    197.176  0.000e+00
    174.636    13.7930    38.4437     2.0575     4.5426    197.175  0.000e+00
    174.542    13.7929    38.4421     2.0575     4.5426    197.172  0.000e+00
    174.476    13.7925    38.4384     2.0575     4.5425    197.171  0.000e+00
    174.476    13.7914    38.4371     2.0575     4.5425    197.169  0.000e+00
    174.382    13.7911    38.4370     2.0575     4.5422    197.158  0.000e+00
    174.367    13.7908    38.4367     2.0575     4.5419    197.145  0.000e+00
    174.316    13.7907    38.4368     2.0575     4.5419    197.144  0.000e+00
    174.272    13.7904    38.4363     2.0575     4.5419    197.143  0.000e+00
    174.156    13.7899    38.4353     2.0575     4.5418    197.140  0.000e+00
    174.163    13.7894    38.4349     2.0575     4.5417    197.137  0.000e+00
    174.156    13.7893    38.4352     2.0575     4.5415    197.129  0.000e+00
    173.996    13.7892    38.4348     2.0575     4.5412    197.116  0.000e+00
    174.061    13.7889    38.4340     2.0575     4.5411    197.108  0.000e+00
    173.945    13.7891    38.4339     2.0575     4.5407    197.091  0.000e+00
    173.945    13.7890    38.4338     2.0587     4.5443    197.248  0.000e+00
    173.901    13.7889    38.4324     2.0587     4.5446    197.263  0.000e+00
    173.785    13.7886    38.4321     2.0587     4.5449    197.274  0.000e+00
    173.785    13.7884    38.4321     2.0587     4.5447    197.268  0.000e+00
    173.741    13.7884    38.4322     2.0587     4.5445    197.258  0.000e+00
    173.726    13.7882    38.4321     2.0587     4.5442    197.247  0.000e+00
    173.675    13.7882    38.4317     2.0587     4.5443    197.248  0.000e+00
    173.581    13.7886    38.4315     2.0587     4.5442    197.244  0.000e+00
    173.566    13.7884    38.4319     2.0587     4.5441    197.242  0.000e+00
    173.522    13.7887    38.4313     2.0587     4.5440    197.237  0.000e+00
    173.515    13.7889    38.4304     2.0587     4.5439    197.231  0.000e+00
    173.515    13.7889    38.4298     2.0587     4.5437    197.224  0.000e+00
    173.413    13.7890    38.4292     2.0587     4.5434    197.212  0.000e+00
    173.406    13.7891    38.4293     2.0587     4.5432    197.200  0.000e+00
    173.297    13.7892    38.4298     2.0587     4.5431    197.198  0.000e+00
    173.362    13.7894    38.4301     2.0599     4.5468    197.356  0.000e+00
    173.297    13.7894    38.4297     2.0599     4.5471    197.370  0.000e+00
    173.246    13.7896    38.4293     2.0599     4.5473    197.381  0.000e+00
    173.202    13.7899    38.4292     2.0599     4.5475    197.389  0.000e+00
    173.195    13.7904    38.4294     2.0599     4.5476    197.395  0.000e+00
    173.151    13.7901    38.4298     2.0599     4.5478    197.401  0.000e+00
    173.136    13.7904    38.4294     2.0587     4.5439    197.232  0.000e+00
    173.035    13.7904    38.4296     2.0599     4.5475    197.389  0.000e+00
    173.042    13.7906    38.4290     2.0599     4.5475    197.391  0.000e+00
    173.035    13.7907    38.4284     2.0599     4.5475    197.390  0.000e+00
    172.976    13.7909    38.4279     2.0599     4.5474    197.386  0.000e+00
    172.933    13.7909    38.4275     2.0599     4.5473    197.381  0.000e+00
    172.925    13.7911    38.4277     2.0599     4.5471    197.373  0.000e+00
    172.882    13.7911    38.4280     2.0599     4.5469    197.363  0.000e+00
    172.816    13.7911    38.4283     2.0599     4.5466    197.351  0.000e+00
    172.816    13.7909    38.4283     2.0599     4.5464    197.339  0.000e+00
    172.772    13.7909    38.4291     2.0599     4.5460    197.323  0.000e+00
    172.714    13.7913    38.4290     2.0599     4.5459    197.320  0.000e+00
    172.714    13.7911    38.4297     2.0599     4.5459    197.318  0.000e+00
    172.612    13.7911    38.4293     2.0599     4.5458    197.314  0.000e+00
    172.656    13.7913    38.4284     2.0599     4.5457    197.311  0.000e+00
    172.561    13.7912    38.4281     2.0599     4.5456    197.304  0.000e+00
    172.496    13.7914    38.4278     2.0599     4.5454    197.296  0.000e+00
    172.496    13.7914    38.4273     2.0611     4.5492    197.461  0.000e+00
    172.452    13.7916    38.4269     2.0611     4.5493    197.466  0.000e+00
    172.394    13.7914    38.4271     2.0599     4.5454    197.296  0.000e+00
    172.241    13.7912    38.4276     2.0611     4.5489    197.452  0.000e+00
    172.445    13.7914    38.4275     2.0599     4.5451    197.284  0.000e+00
    172.285    13.7914    38.4284     2.0599     4.5446    197.263  0.000e+00
    172.241    13.7914    38.4287     2.0611     4.5481    197.416  0.000e+00
    172.175    13.7914    38.4289     2.0611     4.5480    197.410  0.000e+00
    172.124    13.7914    38.4299     2.0623     4.5518    197.574  0.000e+00
    172.132    13.7913    38.4303     2.0623     4.5520    197.582  0.000e+00
    171.964    13.7914    38.4300     2.0623     4.5520    197.582  0.000e+00
    172.022    13.7916    38.4289     2.0623     4.5524    197.602  0.000e+00
    171.913    13.7916    38.4284     2.0623     4.5528    197.617  0.000e+00
    171.913    13.7916    38.4278     2.0623     4.5531    197.632  0.000e+00
    171.811    13.7916    38.4284     2.0623     4.5533    197.641  0.000e+00
    171.753    13.7917    38.4286     2.0623     4.5535    197.649  0.000e+00
    171.760    13.7918    38.4287     2.0623     4.5537    197.657  0.000e+00
    171.644    13.7916    38.4300     2.0636     4.5577    197.833  0.000e+00
    171.644    13.7918    38.4303     2.0636     4.5581    197.851  0.000e+00
    171.542    13.7919    38.4312     2.0636     4.5584    197.863  0.000e+00
    171.484    13.7919    38.4326     2.0636     4.5587    197.875  0.000e+00
    171.440    13.7921    38.4336     2.0636     4.5589    197.883  0.000e+00
    171.375    13.7921    38.4317     2.0636     4.5591    197.893  0.000e+00
    171.324    13.7918    38.4293     2.0636     4.5593    197.903  0.000e+00
    171.280    13.7916    38.4276     2.0648     4.5635    198.081  0.000e+00
    171.214    13.7914    38.4265     2.0648     4.5638    198.098  0.000e+00
    171.120    13.7913    38.4250     2.0648     4.5645    198.128  0.000e+00
    171.112    13.7909    38.4235     2.0648     4.5652    198.158  0.000e+00
    171.010    13.7906    38.4222     2.0648     4.5658    198.183  0.000e+00
    170.952    13.7904    38.4212     2.0648     4.5663    198.205  0.000e+00
    170.894    13.7904    38.4210     2.0648     4.5667    198.223  0.000e+00
    170.850    13.7903    38.4203     2.0648     4.5671    198.239  0.000e+00
    170.792    13.7902    38.4201     2.0648     4.5670    198.236  0.000e+00
    170.741    13.7901    38.4192     2.0648     4.5672    198.247  0.000e+00
    170.632    13.7899    38.4174     2.0648     4.5674    198.255  0.000e+00
    170.581    13.7898    38.4161     2.0648     4.5676    198.261  0.000e+00
    170.523    13.7896    38.4150     2.0660     4.5716    198.437  0.000e+00
    170.464    13.7894    38.4148     2.0660     4.5719    198.452  0.000e+00
    170.421    13.7891    38.4153     2.0660     4.5722    198.463  0.000e+00
    170.362    13.7890    38.4156     2.0660     4.5724    198.470  0.000e+00
    170.312    13.7891    38.4157     2.0660     4.5724    198.474  0.000e+00
    170.202    13.7890    38.4162     2.0660     4.5724    198.472  0.000e+00
    170.210    13.7894    38.4162     2.0660     4.5724    198.470  0.000e+00
    170.144    13.7893    38.4157     2.0660     4.5722    198.465  0.000e+00
    170.042    13.7890    38.4143     2.0660     4.5721    198.457  0.000e+00
    170.049    13.7889    38.4134     2.0660     4.5719    198.448  0.000e+00
    169.933    13.7889    38.4125     2.0660     4.5715    198.432  0.000e+00
    169.889    13.7889    38.4113     2.0660     4.5711    198.415  0.000e+00
    169.882    13.7886    38.4106     2.0660     4.5707    198.397  0.000e+00
    169.780    13.7886    38.4098     2.0672     4.5744    198.560  0.000e+00
    169.722    13.7884    38.4098     2.0672     4.5745    198.564  0.000e+00
    169.780    13.7884    38.4093     2.0672     4.5742    198.551  0.000e+00
    169.664    13.7882    38.4093     2.0672     4.5741    198.546  0.000e+00
    169.613    13.7882    38.4088     2.0672     4.5736    198.523  0.000e+00
    169.569    13.7884    38.4086     2.0672     4.5729    198.496  0.000e+00
    169.562    13.7884    38.4093     2.0672     4.5726    198.481  0.000e+00
    169.460    13.7882    38.4092     2.0672     4.5722    198.462  0.000e+00
    169.503    13.7884    38.4085     2.0672     4.5721    198.459  0.000e+00
    169.409    13.7884    38.4079     2.0672     4.5719    198.452  0.000e+00
    169.401    13.7884    38.4075     2.0672     4.5717    198.443  0.000e+00
    169.350    13.7884    38.4069     2.0672     4.5714    198.431  0.000e+00
    169.292    13.7884    38.4069     2.0672     4.5711    198.415  0.000e+00
    169.299    13.7884    38.4070     2.0672     4.5707    198.398  0.000e+00
    169.241    13.7886    38.4069     2.0672     4.5702    198.376  0.000e+00
    169.241    13.7884    38.4065     2.0672     4.5697    198.355  0.000e+00
    169.249    13.7886    38.4064     2.0672     4.5691    198.330  0.000e+00
    169.183    13.7888    38.4065     2.0672     4.5688    198.317  0.000e+00
    169.139    13.7886    38.4083     2.0685     4.5724    198.473  0.000e+00
    169.132    13.7890    38.4091     2.0685     4.5723    198.470  0.000e+00
    169.088    13.7889    38.4107     2.0685     4.5722    198.465  0.000e+00
