Data/2022/Day1/ctds/1.cnv
* Sea-Bird SBE 9 Data File:
* FileName = C:\CTD\Mir-MER\ST1_D1.hex
* Software Version Seasave V 7.26.7.121
* Temperature SN = 0809
* Conductivity SN = 3159
* Number of Bytes Per Scan = 24
* Number of Voltage Words = 4
* Number of Scans Averaged by the Deck Unit = 1
** Ship: antedon
** Station: ST1
** Operator: me and myself
# nquan = 7
# nvalues = 30716                                 
# units = specified
# name 0 = prDM: Pressure, Digiquartz [db]
# name 1 = t090C: Temperature [ITS-90, deg C]
# name 2 = sal00: Salinity, Practical [PSU]
# name 3 = sbeox0V: Oxygen raw, SBE 43 [V]
# name 4 = sbeox0ML/L: Oxygen, SBE 43 [ml/l]
# name 5 = sbox0Mm/Kg: Oxygen, SBE 43 [umol/kg]
# name 6 = flag:  0.000e+00
# span 0 =     -0.646,    505.224                 
# span 1 =    13.7882,    21.3978                 
# span 2 =    38.0773,    38.6949                 
# span 3 =     1.7632,     2.6545                 
# span 4 =     3.7984,     5.7740                 
# span 5 =    164.842,    250.804                 
# span 6 = 0.0000e+00, 0.0000e+00                 
# interval = seconds: 0.0416667
# start_time = Oct 11 2022 09:48:24 [System UTC, header]
# bad_flag = -9.990e-29
*END*
[from data line 12103]
    362.796    14.0383    38.6877     1.8191     3.8863    168.666  0.000e+00
    362.847    14.0386    38.6882     1.8191     3.8868    168.685  0.000e+00
    362.833    14.0386    38.6874     1.8191     3.8873    168.706  0.000e+00
    362.957    14.0382    38.6882     1.8191     3.8875    168.715  0.000e+00
    362.957    14.0385    38.6876     1.8191     3.8876    168.721  0.000e+00
    362.957    14.0386    38.6879     1.8191     3.8878    168.727  0.000e+00
    363.066    14.0383    38.6881     1.8191     3.8880    168.738  0.000e+00
    363.066    14.0386    38.6878     1.8191     3.8882    168.745  0.000e+00
    363.118    14.0385    38.6884     1.8191     3.8884    168.755  0.000e+00
    363.118    14.0382    38.6882     1.8191     3.8887    168.765  0.000e+00
    363.213    14.0385    38.6880     1.8191     3.8889    168.777  0.000e+00
    363.227    14.0386    38.6874     1.8191     3.8892    168.789  0.000e+00
    363.278    14.0386    38.6877     1.8191     3.8895    168.801  0.000e+00
    363.278    14.0386    38.6877     1.8191     3.8897    168.813  0.000e+00
    363.388    14.0386    38.6882     1.8191     3.8901    168.828  0.000e+00
    363.439    14.0385    38.6875     1.8191     3.8905    168.844  0.000e+00
    363.388    14.0386    38.6886     1.8191     3.8907    168.855  0.000e+00
    363.483    14.0386    38.6881     1.8191     3.8911    168.873  0.000e+00
    363.497    14.0386    38.6885     1.8191     3.8915    168.888  0.000e+00
    363.600    14.0388    38.6876     1.8191     3.8919    168.907  0.000e+00
    363.549    14.0387    38.6880     1.8191     3.8919    168.906  0.000e+00
    363.658    14.0386    38.6878     1.8191     3.8919    168.909  0.000e+00
    363.709    14.0386    38.6880     1.8191     3.8920    168.910  0.000e+00
    363.709    14.0385    38.6880     1.8191     3.8920    168.910  0.000e+00
    363.760    14.0387    38.6881     1.8191     3.8920    168.910  0.000e+00
    363.819    14.0388    38.6880     1.8191     3.8920    168.911  0.000e+00
    363.855    14.0387    38.6882     1.8191     3.8920    168.912  0.000e+00
    363.870    14.0388    38.6880     1.8191     3.8920    168.913  0.000e+00
    363.921    14.0387    38.6880     1.8179     3.8880    168.738  0.000e+00
    363.980    14.0385    38.6884     1.8191     3.8917    168.900  0.000e+00
    363.980    14.0390    38.6877     1.8179     3.8877    168.723  0.000e+00
    364.031    14.0388    38.6884     1.8179     3.8874    168.709  0.000e+00
    364.089    14.0387    38.6883     1.8191     3.8911    168.873  0.000e+00
    364.140    14.0388    38.6887     1.8179     3.8871    168.699  0.000e+00
    364.074    14.0387    38.6882     1.8191     3.8909    168.861  0.000e+00
    364.250    14.0388    38.6885     1.8179     3.8869    168.691  0.000e+00
    364.301    14.0390    38.6883     1.8191     3.8907    168.854  0.000e+00
    364.250    14.0386    38.6889     1.8179     3.8867    168.681  0.000e+00
    364.352    14.0387    38.6886     1.8191     3.8905    168.848  0.000e+00
    364.352    14.0390    38.6888     1.8179     3.8866    168.674  0.000e+00
    364.411    14.0387    38.6884     1.8191     3.8904    168.842  0.000e+00
    364.462    14.0388    38.6886     1.8191     3.8905    168.847  0.000e+00
    364.513    14.0387    38.6882     1.8179     3.8866    168.677  0.000e+00
    364.513    14.0386    38.6886     1.8179     3.8864    168.666  0.000e+00
    364.557    14.0386    38.6887     1.8191     3.8902    168.833  0.000e+00
    364.622    14.0385    38.6889     1.8179     3.8863    168.665  0.000e+00
    364.681    14.0386    38.6886     1.8179     3.8861    168.657  0.000e+00
    364.732    14.0386    38.6885     1.8179     3.8860    168.649  0.000e+00
    364.783    14.0387    38.6883     1.8179     3.8858    168.642  0.000e+00
    364.783    14.0385    38.6886     1.8179     3.8856    168.635  0.000e+00
    364.842    14.0387    38.6883     1.8191     3.8896    168.805  0.000e+00
    364.893    14.0386    38.6884     1.8179     3.8857    168.639  0.000e+00
    364.944    14.0387    38.6888     1.8191     3.8897    168.810  0.000e+00
    365.002    14.0388    38.6883     1.8179     3.8859    168.645  0.000e+00
    364.937    14.0389    38.6886     1.8191     3.8898    168.814  0.000e+00
    365.214    14.0386    38.6887     1.8179     3.8861    168.655  0.000e+00
    365.163    14.0387    38.6891     1.8179     3.8860    168.649  0.000e+00
    365.163    14.0386    38.6882     1.8179     3.8859    168.646  0.000e+00
    365.273    14.0387    38.6889     1.8167     3.8818    168.468  0.000e+00
    365.273    14.0386    38.6881     1.8191     3.8895    168.803  0.000e+00
    365.375    14.0389    38.6886     1.8179     3.8858    168.642  0.000e+00
    365.375    14.0386    38.6887     1.8179     3.8858    168.641  0.000e+00
    365.433    14.0387    38.6890     1.8191     3.8898    168.817  0.000e+00
    365.484    14.0386    38.6884     1.8179     3.8862    168.659  0.000e+00
    365.536    14.0387    38.6890     1.8167     3.8821    168.483  0.000e+00
    365.645    14.0386    38.6884     1.8167     3.8819    168.471  0.000e+00
    365.470    14.0389    38.6887     1.8179     3.8855    168.629  0.000e+00
    365.864    14.0386    38.6888     1.8191     3.8898    168.817  0.000e+00
    365.755    14.0387    38.6886     1.8179     3.8862    168.659  0.000e+00
    365.806    14.0386    38.6884     1.8167     3.8823    168.488  0.000e+00
    365.864    14.0387    38.6885     1.8167     3.8820    168.478  0.000e+00
    365.915    14.0388    38.6888     1.8191     3.8899    168.821  0.000e+00
    365.967    14.0386    38.6885     1.8179     3.8865    168.671  0.000e+00
    366.025    14.0387    38.6887     1.8167     3.8826    168.502  0.000e+00
    366.076    14.0388    38.6882     1.8167     3.8824    168.496  0.000e+00
    366.076    14.0387    38.6887     1.8191     3.8904    168.842  0.000e+00
    366.237    14.0386    38.6886     1.8179     3.8871    168.696  0.000e+00
    366.186    14.0386    38.6894     1.8167     3.8828    168.512  0.000e+00
    366.295    14.0388    38.6886     1.8167     3.8828    168.510  0.000e+00
    366.346    14.0387    38.6889     1.8167     3.8823    168.491  0.000e+00
    366.346    14.0388    38.6884     1.8167     3.8819    168.471  0.000e+00
    366.390    14.0384    38.6890     1.8179     3.8859    168.647  0.000e+00
    366.558    14.0386    38.6888     1.8179     3.8859    168.648  0.000e+00
    366.558    14.0386    38.6886     1.8167     3.8822    168.487  0.000e+00
    366.617    14.0385    38.6885     1.8167     3.8819    168.472  0.000e+00
    366.617    14.0384    38.6888     1.8167     3.8819    168.473  0.000e+00
    366.668    14.0385    38.6886     1.8167     3.8816    168.458  0.000e+00
    366.778    14.0384    38.6887     1.8167     3.8817    168.464  0.000e+00
    366.778    14.0385    38.6888     1.8167     3.8814    168.450  0.000e+00
    366.778    14.0384    38.6889     1.8167     3.8815    168.455  0.000e+00
    366.938    14.0383    38.6889     1.8167     3.8817    168.465  0.000e+00
    366.887    14.0382    38.6887     1.8167     3.8815    168.455  0.000e+00
    366.989    14.0383    38.6888     1.8167     3.8813    168.448  0.000e+00
    366.989    14.0382    38.6884     1.8167     3.8816    168.458  0.000e+00
    366.989    14.0381    38.6889     1.8167     3.8814    168.451  0.000e+00
    367.099    14.0384    38.6884     1.8167     3.8813    168.446  0.000e+00
    367.099    14.0383    38.6893     1.8167     3.8812    168.440  0.000e+00
    367.150    14.0382    38.6885     1.8167     3.8811    168.438  0.000e+00
    367.209    14.0383    38.6886     1.8167     3.8810    168.435  0.000e+00
    367.209    14.0384    38.6884     1.8155     3.8773    168.272  0.000e+00
    367.260    14.0381    38.6894     1.8155     3.8769    168.255  0.000e+00
    367.311    14.0382    38.6882     1.8167     3.8810    168.434  0.000e+00
    367.303    14.0383    38.6887     1.8167     3.8810    168.434  0.000e+00
    367.420    14.0382    38.6883     1.8167     3.8815    168.457  0.000e+00
    367.420    14.0381    38.6889     1.8167     3.8816    168.460  0.000e+00
    367.420    14.0384    38.6884     1.8167     3.8817    168.464  0.000e+00
    367.530    14.0381    38.6893     1.8155     3.8778    168.294  0.000e+00
    367.479    14.0384    38.6888     1.8167     3.8812    168.442  0.000e+00
    367.581    14.0383    38.6891     1.8167     3.8818    168.467  0.000e+00
    367.581    14.0380    38.6891     1.8167     3.8820    168.476  0.000e+00
    367.640    14.0383    38.6886     1.8167     3.8822    168.485  0.000e+00
    367.639    14.0382    38.6886     1.8155     3.8787    168.335  0.000e+00
    367.691    14.0381    38.6893     1.8167     3.8827    168.506  0.000e+00
    367.742    14.0379    38.6889     1.8167     3.8826    168.503  0.000e+00
    367.742    14.0383    38.6882     1.8167     3.8825    168.497  0.000e+00
    367.800    14.0380    38.6887     1.8155     3.8787    168.334  0.000e+00
    367.800    14.0383    38.6882     1.8167     3.8831    168.523  0.000e+00
    367.903    14.0380    38.6886     1.8167     3.8835    168.540  0.000e+00
    367.902    14.0379    38.6885     1.8155     3.8794    168.363  0.000e+00
    367.902    14.0380    38.6889     1.8167     3.8830    168.520  0.000e+00
    367.961    14.0381    38.6884     1.8167     3.8838    168.555  0.000e+00
    367.961    14.0380    38.6889     1.8155     3.8801    168.395  0.000e+00
    368.070    14.0381    38.6883     1.8155     3.8798    168.383  0.000e+00
    368.070    14.0380    38.6891     1.8155     3.8795    168.368  0.000e+00
    368.122    14.0379    38.6886     1.8155     3.8800    168.390  0.000e+00
    368.070    14.0379    38.6890     1.8167     3.8842    168.571  0.000e+00
    368.173    14.0379    38.6891     1.8155     3.8803    168.402  0.000e+00
    368.231    14.0382    38.6891     1.8167     3.8841    168.568  0.000e+00
    368.231    14.0383    38.6885     1.8167     3.8843    168.575  0.000e+00
    368.282    14.0382    38.6892     1.8155     3.8804    168.405  0.000e+00
    368.282    14.0381    38.6888     1.8155     3.8805    168.413  0.000e+00
    368.392    14.0384    38.6887     1.8167     3.8848    168.600  0.000e+00
    368.392    14.0381    38.6890     1.8155     3.8810    168.433  0.000e+00
    368.392    14.0384    38.6888     1.8167     3.8849    168.602  0.000e+00
    368.443    14.0381    38.6891     1.8167     3.8851    168.613  0.000e+00
    368.494    14.0384    38.6889     1.8155     3.8813    168.447  0.000e+00
    368.553    14.0383    38.6889     1.8155     3.8812    168.442  0.000e+00
    368.553    14.0386    38.6887     1.8167     3.8851    168.612  0.000e+00
    368.662    14.0383    38.6891     1.8155     3.8814    168.450  0.000e+00
    368.662    14.0384    38.6889     1.8155     3.8813    168.445  0.000e+00
    368.662    14.0383    38.6891     1.8167     3.8852    168.617  0.000e+00
    368.764    14.0386    38.6892     1.8155     3.8815    168.454  0.000e+00
    368.764    14.0384    38.6892     1.8167     3.8855    168.628  0.000e+00
    368.823    14.0385    38.6888     1.8155     3.8818    168.466  0.000e+00
    368.823    14.0386    38.6891     1.8155     3.8817    168.463  0.000e+00
    368.925    14.0385    38.6891     1.8155     3.8817    168.463  0.000e+00
    368.925    14.0386    38.6891     1.8155     3.8816    168.461  0.000e+00
    368.925    14.0383    38.6890     1.8142     3.8776    168.286  0.000e+00
    369.035    14.0384    38.6889     1.8167     3.8850    168.607  0.000e+00
    369.035    14.0383    38.6888     1.8155     3.8809    168.431  0.000e+00
    369.093    14.0382    38.6893     1.8167     3.8850    168.608  0.000e+00
    369.195    14.0381    38.6890     1.8155     3.8814    168.451  0.000e+00
    369.195    14.0382    38.6893     1.8167     3.8855    168.627  0.000e+00
    369.144    14.0378    38.6885     1.8167     3.8859    168.646  0.000e+00
    369.305    14.0376    38.6888     1.8155     3.8823    168.491  0.000e+00
    369.305    14.0375    38.6885     1.8167     3.8860    168.652  0.000e+00
    369.356    14.0370    38.6887     1.8155     3.8824    168.495  0.000e+00
    369.415    14.0366    38.6883     1.8167     3.8866    168.676  0.000e+00
    369.415    14.0362    38.6889     1.8155     3.8830    168.518  0.000e+00
    369.517    14.0362    38.6888     1.8167     3.8871    168.698  0.000e+00
    369.517    14.0360    38.6890     1.8155     3.8831    168.524  0.000e+00
    369.626    14.0362    38.6889     1.8155     3.8832    168.528  0.000e+00
    369.626    14.0362    38.6885     1.8155     3.8833    168.531  0.000e+00
    369.685    14.0359    38.6889     1.8155     3.8834    168.536  0.000e+00
    369.736    14.0359    38.6884     1.8155     3.8831    168.525  0.000e+00
    369.736    14.0359    38.6884     1.8155     3.8832    168.529  0.000e+00
    369.897    14.0355    38.6883     1.8155     3.8834    168.539  0.000e+00
    369.846    14.0354    38.6886     1.8155     3.8831    168.526  0.000e+00
    369.948    14.0352    38.6882     1.8167     3.8874    168.711  0.000e+00
    369.948    14.0348    38.6891     1.8155     3.8839    168.558  0.000e+00
    370.006    14.0348    38.6886     1.8155     3.8837    168.548  0.000e+00
    370.109    14.0349    38.6885     1.8155     3.8834    168.539  0.000e+00
    370.057    14.0350    38.6883     1.8155     3.8832    168.527  0.000e+00
    370.218    14.0346    38.6892     1.8155     3.8830    168.520  0.000e+00
    370.218    14.0348    38.6882     1.8155     3.8832    168.527  0.000e+00
    370.277    14.0348    38.6885     1.8167     3.8870    168.694  0.000e+00
    370.328    14.0345    38.6887     1.8155     3.8835    168.542  0.000e+00
    370.379    14.0348    38.6886     1.8155     3.8837    168.549  0.000e+00
    370.379    14.0347    38.6885     1.8155     3.8835    168.540  0.000e+00
    370.488    14.0346    38.6887     1.8155     3.8833    168.533  0.000e+00
    370.540    14.0346    38.6887     1.8155     3.8835    168.541  0.000e+00
    370.540    14.0347    38.6887     1.8155     3.8833    168.532  0.000e+00
    370.649    14.0346    38.6893     1.8155     3.8835    168.542  0.000e+00
    370.700    14.0347    38.6886     1.8155     3.8838    168.553  0.000e+00
    370.700    14.0344    38.6888     1.8155     3.8836    168.546  0.000e+00
    370.759    14.0347    38.6886     1.8155     3.8834    168.539  0.000e+00
    370.810    14.0346    38.6890     1.8155     3.8837    168.550  0.000e+00
    370.920    14.0347    38.6886     1.8155     3.8836    168.545  0.000e+00
    370.920    14.0346    38.6889     1.8155     3.8834    168.538  0.000e+00
    370.971    14.0348    38.6882     1.8155     3.8837    168.550  0.000e+00
    371.080    14.0346    38.6893     1.8155     3.8836    168.545  0.000e+00
    371.029    14.0347    38.6888     1.8155     3.8838    168.555  0.000e+00
    371.029    14.0346    38.6891     1.8155     3.8837    168.550  0.000e+00
    371.307    14.0348    38.6890     1.8155     3.8837    168.550  0.000e+00
    371.292    14.0348    38.6890     1.8155     3.8836    168.544  0.000e+00
    371.292    14.0347    38.6886     1.8143     3.8794    168.363  0.000e+00
    371.292    14.0349    38.6883     1.8155     3.8826    168.501  0.000e+00
    371.460    14.0347    38.6889     1.8143     3.8788    168.340  0.000e+00
    371.460    14.0348    38.6890     1.8143     3.8784    168.319  0.000e+00
    371.511    14.0347    38.6893     1.8143     3.8783    168.317  0.000e+00
    371.563    14.0348    38.6885     1.8143     3.8779    168.301  0.000e+00
    371.621    14.0347    38.6885     1.8143     3.8780    168.301  0.000e+00
    371.723    14.0346    38.6884     1.8143     3.8780    168.305  0.000e+00
    371.723    14.0347    38.6893     1.8143     3.8777    168.288  0.000e+00
