Data/2022/Day1/ctds/2.cnv
* Sea-Bird SBE 9 Data File:
* FileName = C:\CTD\Mir-MER\ST2_D1.hex
* Software Version Seasave V 7.26.7.121
* Temperature SN = 0809
* Conductivity SN = 3159
* Number of Bytes Per Scan = 24
* Number of Voltage Words = 4
* Number of Scans Averaged by the Deck Unit = 1
** Ship: antedon
** Station: ST2
** Operator: me and myself
# nquan = 7
# nvalues = 4486                                  
# units = specified
# name 0 = prDM: Pressure, Digiquartz [db]
# name 1 = t090C: Temperature [ITS-90, deg C]
# name 2 = sal00: Salinity, Practical [PSU]
# name 3 = sbeox0V: Oxygen raw, SBE 43 [V]
# name 4 = sbeox0ML/L: Oxygen, SBE 43 [ml/l]
# name 5 = sbox0Mm/Kg: Oxygen, SBE 43 [umol/kg]
# name 6 = flag:  0.000e+00
# span 0 =     -0.790,     26.341                 
# span 1 =    20.9393,    21.3431                 
# span 2 =     8.3927,    38.2543                 
# span 3 =     2.4469,     2.6288                 
# span 4 =     4.6088,     5.7102                 
# span 5 =    200.446,    253.925                 
# span 6 = 0.0000e+00, 0.0000e+00                 
# interval = seconds: 0.0416667
# start_time = Oct 11 2022 11:08:38 [System UTC, header]
# bad_flag = -9.990e-29
*END*
[from data line 3898]
      6.461    21.1179    38.2366     2.4970     4.9425    214.943  0.000e+00
      6.461    21.1184    38.2370     2.4970     4.9429    214.960  0.000e+00
      6.410    21.1196    38.2375     2.4970     4.9432    214.972  0.000e+00
      6.410    21.1214    38.2366     2.4970     4.9434    214.984  0.000e+00
      6.403    21.1223    38.2368     2.4970     4.9437    214.997  0.000e+00
      6.352    21.1240    38.2366     2.4958     4.9406    214.863  0.000e+00
      6.301    21.1244    38.2362     2.4958     4.9407    214.866  0.000e+00
      6.301    21.1249    38.2360     2.4970     4.9440    215.012  0.000e+00
      6.301    21.1261    38.2351     2.4970     4.9440    215.012  0.000e+00
      6.251    21.1265    38.2346     2.4982     4.9473    215.153  0.000e+00
      6.251    21.1258    38.2351     2.4970     4.9443    215.022  0.000e+00
      6.192    21.1256    38.2347     2.4970     4.9442    215.021  0.000e+00
      6.192    21.1256    38.2346     2.4970     4.9444    215.028  0.000e+00
      6.192    21.1249    38.2343     2.4958     4.9415    214.903  0.000e+00
      6.142    21.1242    38.2331     2.4970     4.9448    215.044  0.000e+00
      6.142    21.1221    38.2339     2.4958     4.9416    214.904  0.000e+00
      6.134    21.1211    38.2346     2.4958     4.9413    214.891  0.000e+00
      6.091    21.1209    38.2349     2.4970     4.9441    215.015  0.000e+00
      6.091    21.1209    38.2350     2.4970     4.9439    215.005  0.000e+00
      6.033    21.1207    38.2354     2.4970     4.9438    215.002  0.000e+00
      6.091    21.1214    38.2352     2.4958     4.9403    214.847  0.000e+00
      6.032    21.1214    38.2355     2.4958     4.9397    214.823  0.000e+00
      6.032    21.1212    38.2359     2.4958     4.9394    214.809  0.000e+00
      6.032    21.1212    38.2355     2.4958     4.9391    214.795  0.000e+00
      5.982    21.1211    38.2352     2.4958     4.9389    214.788  0.000e+00
      5.982    21.1207    38.2356     2.4958     4.9386    214.773  0.000e+00
      6.032    21.1210    38.2354     2.4958     4.9382    214.757  0.000e+00
      5.923    21.1207    38.2353     2.4958     4.9380    214.747  0.000e+00
      5.981    21.1205    38.2349     2.4958     4.9378    214.742  0.000e+00
      5.981    21.1203    38.2350     2.4958     4.9376    214.733  0.000e+00
      5.931    21.1202    38.2347     2.4958     4.9372    214.715  0.000e+00
      5.931    21.1200    38.2349     2.4945     4.9335    214.554  0.000e+00
      5.930    21.1202    38.2353     2.4945     4.9328    214.523  0.000e+00
      5.930    21.1203    38.2351     2.4945     4.9321    214.494  0.000e+00
      5.930    21.1207    38.2352     2.4945     4.9316    214.472  0.000e+00
      5.930    21.1211    38.2351     2.4945     4.9311    214.450  0.000e+00
      5.872    21.1207    38.2352     2.4945     4.9307    214.430  0.000e+00
      5.930    21.1209    38.2355     2.4945     4.9302    214.410  0.000e+00
      5.872    21.1209    38.2357     2.4933     4.9264    214.246  0.000e+00
      5.872    21.1209    38.2356     2.4933     4.9258    214.217  0.000e+00
      5.930    21.1209    38.2354     2.4933     4.9252    214.191  0.000e+00
      5.821    21.1209    38.2356     2.4933     4.9245    214.160  0.000e+00
      5.872    21.1209    38.2354     2.4933     4.9238    214.133  0.000e+00
      5.872    21.1207    38.2355     2.4933     4.9232    214.106  0.000e+00
      5.872    21.1207    38.2347     2.4933     4.9229    214.090  0.000e+00
      5.872    21.1198    38.2349     2.4933     4.9225    214.076  0.000e+00
      5.821    21.1193    38.2342     2.4933     4.9222    214.062  0.000e+00
      5.872    21.1188    38.2343     2.4921     4.9187    213.908  0.000e+00
      5.821    21.1179    38.2346     2.4921     4.9184    213.896  0.000e+00
      5.872    21.1170    38.2347     2.4909     4.9150    213.747  0.000e+00
      5.821    21.1160    38.2356     2.4909     4.9146    213.729  0.000e+00
      5.821    21.1158    38.2359     2.4909     4.9142    213.712  0.000e+00
      5.821    21.1168    38.2348     2.4909     4.9137    213.693  0.000e+00
      5.872    21.1168    38.2348     2.4909     4.9134    213.681  0.000e+00
      5.770    21.1161    38.2359     2.4909     4.9129    213.658  0.000e+00
      5.770    21.1165    38.2354     2.4896     4.9092    213.496  0.000e+00
      5.770    21.1163    38.2360     2.4884     4.9055    213.336  0.000e+00
      5.821    21.1167    38.2361     2.4884     4.9050    213.312  0.000e+00
      5.770    21.1172    38.2358     2.4884     4.9046    213.297  0.000e+00
      5.654    21.1175    38.2360     2.4884     4.9041    213.274  0.000e+00
      5.872    21.1182    38.2355     2.4884     4.9038    213.262  0.000e+00
      5.770    21.1188    38.2361     2.4884     4.9034    213.244  0.000e+00
      5.712    21.1195    38.2359     2.4896     4.9061    213.362  0.000e+00
      5.712    21.1202    38.2357     2.4896     4.9061    213.360  0.000e+00
      5.712    21.1202    38.2363     2.4896     4.9059    213.353  0.000e+00
      5.712    21.1205    38.2362     2.4896     4.9058    213.347  0.000e+00
      5.661    21.1209    38.2353     2.4884     4.9026    213.211  0.000e+00
      5.712    21.1209    38.2356     2.4884     4.9027    213.212  0.000e+00
      5.661    21.1209    38.2352     2.4872     4.8994    213.072  0.000e+00
      5.610    21.1203    38.2357     2.4884     4.9024    213.201  0.000e+00
      5.603    21.1202    38.2355     2.4884     4.9024    213.201  0.000e+00
      5.610    21.1193    38.2348     2.4884     4.9025    213.207  0.000e+00
      5.552    21.1175    38.2348     2.4872     4.8995    213.073  0.000e+00
      5.552    21.1167    38.2357     2.4872     4.8995    213.073  0.000e+00
      5.552    21.1165    38.2377     2.4872     4.8994    213.070  0.000e+00
      5.450    21.1200    38.2376     2.4872     4.8991    213.056  0.000e+00
      5.501    21.1226    38.2350     2.4884     4.9023    213.198  0.000e+00
      5.450    21.1202    38.2344     2.4884     4.9029    213.223  0.000e+00
      5.450    21.1177    38.2350     2.4884     4.9036    213.251  0.000e+00
      5.392    21.1179    38.2370     2.4884     4.9039    213.267  0.000e+00
      5.392    21.1202    38.2384     2.4896     4.9073    213.412  0.000e+00
      5.341    21.1226    38.2383     2.4884     4.9043    213.283  0.000e+00
      5.392    21.1242    38.2370     2.4884     4.9046    213.297  0.000e+00
      5.290    21.1244    38.2362     2.4884     4.9050    213.314  0.000e+00
      5.239    21.1232    38.2368     2.4884     4.9056    213.338  0.000e+00
      5.290    21.1235    38.2377     2.4872     4.9028    213.217  0.000e+00
      5.181    21.1261    38.2383     2.4884     4.9061    213.361  0.000e+00
      5.239    21.1288    38.2372     2.4884     4.9063    213.371  0.000e+00
      5.181    21.1297    38.2367     2.4884     4.9067    213.386  0.000e+00
      5.123    21.1300    38.2359     2.4884     4.9071    213.405  0.000e+00
      5.130    21.1300    38.2359     2.4872     4.9043    213.285  0.000e+00
      5.079    21.1302    38.2356     2.4884     4.9079    213.440  0.000e+00
      5.079    21.1307    38.2367     2.4884     4.9084    213.462  0.000e+00
      5.021    21.1320    38.2361     2.4884     4.9089    213.484  0.000e+00
      5.021    21.1323    38.2364     2.4896     4.9128    213.652  0.000e+00
      4.970    21.1334    38.2369     2.4896     4.9135    213.685  0.000e+00
      4.970    21.1362    38.2378     2.4896     4.9139    213.703  0.000e+00
      4.920    21.1388    38.2376     2.4896     4.9144    213.723  0.000e+00
      4.912    21.1401    38.2373     2.4896     4.9148    213.740  0.000e+00
      4.919    21.1413    38.2370     2.4896     4.9152    213.759  0.000e+00
      4.861    21.1425    38.2364     2.4884     4.9124    213.635  0.000e+00
      4.861    21.1433    38.2356     2.4896     4.9159    213.790  0.000e+00
      4.811    21.1432    38.2352     2.4896     4.9165    213.813  0.000e+00
      4.811    21.1432    38.2354     2.4896     4.9170    213.838  0.000e+00
      4.810    21.1438    38.2358     2.4896     4.9173    213.851  0.000e+00
      4.760    21.1441    38.2361     2.4896     4.9174    213.854  0.000e+00
      4.760    21.1448    38.2361     2.4896     4.9175    213.857  0.000e+00
      4.752    21.1459    38.2364     2.4896     4.9175    213.857  0.000e+00
      4.701    21.1464    38.2369     2.4896     4.9175    213.858  0.000e+00
      4.760    21.1471    38.2366     2.4909     4.9208    214.004  0.000e+00
      4.651    21.1478    38.2369     2.4909     4.9210    214.010  0.000e+00
      4.701    21.1488    38.2376     2.4896     4.9181    213.886  0.000e+00
      4.651    21.1506    38.2373     2.4909     4.9215    214.033  0.000e+00
      4.651    21.1525    38.2361     2.4909     4.9219    214.048  0.000e+00
      4.650    21.1525    38.2352     2.4896     4.9191    213.929  0.000e+00
      4.643    21.1518    38.2349     2.4909     4.9225    214.076  0.000e+00
      4.600    21.1511    38.2340     2.4909     4.9228    214.089  0.000e+00
      4.600    21.1482    38.2346     2.4921     4.9263    214.243  0.000e+00
      4.600    21.1452    38.2343     2.4921     4.9270    214.272  0.000e+00
      4.541    21.1422    38.2346     2.4921     4.9276    214.298  0.000e+00
      4.600    21.1395    38.2356     2.4921     4.9282    214.324  0.000e+00
      4.491    21.1381    38.2365     2.4921     4.9284    214.330  0.000e+00
      4.541    21.1380    38.2367     2.4909     4.9252    214.193  0.000e+00
      4.541    21.1390    38.2368     2.4921     4.9282    214.324  0.000e+00
      4.541    21.1413    38.2368     2.4921     4.9280    214.315  0.000e+00
      4.490    21.1433    38.2363     2.4921     4.9280    214.315  0.000e+00
      4.490    21.1444    38.2348     2.4921     4.9281    214.319  0.000e+00
      4.490    21.1432    38.2359     2.4921     4.9283    214.329  0.000e+00
      4.490    21.1427    38.2370     2.4921     4.9284    214.334  0.000e+00
      4.440    21.1459    38.2359     2.4921     4.9285    214.335  0.000e+00
      4.440    21.1471    38.2359     2.4921     4.9284    214.333  0.000e+00
      4.432    21.1476    38.2362     2.4921     4.9284    214.333  0.000e+00
      4.439    21.1487    38.2360     2.4921     4.9283    214.330  0.000e+00
      4.439    21.1492    38.2360     2.4909     4.9250    214.185  0.000e+00
      4.381    21.1483    38.2350     2.4909     4.9246    214.169  0.000e+00
      4.381    21.1467    38.2345     2.4909     4.9245    214.165  0.000e+00
      4.381    21.1464    38.2348     2.4909     4.9243    214.153  0.000e+00
      4.381    21.1464    38.2363     2.4896     4.9207    213.996  0.000e+00
      4.381    21.1485    38.2365     2.4896     4.9200    213.965  0.000e+00
      4.323    21.1494    38.2370     2.4896     4.9191    213.927  0.000e+00
      4.330    21.1506    38.2368     2.4896     4.9184    213.899  0.000e+00
      4.330    21.1508    38.2353     2.4909     4.9212    214.019  0.000e+00
      4.330    21.1495    38.2352     2.4909     4.9209    214.008  0.000e+00
      4.330    21.1487    38.2348     2.4896     4.9176    213.864  0.000e+00
      4.279    21.1480    38.2348     2.4896     4.9173    213.849  0.000e+00
      4.279    21.1478    38.2356     2.4884     4.9136    213.691  0.000e+00
      4.279    21.1478    38.2359     2.4884     4.9131    213.666  0.000e+00
      4.272    21.1480    38.2360     2.4884     4.9125    213.640  0.000e+00
      4.221    21.1478    38.2363     2.4884     4.9119    213.615  0.000e+00
      4.221    21.1481    38.2366     2.4884     4.9111    213.581  0.000e+00
      4.279    21.1487    38.2365     2.4872     4.9073    213.415  0.000e+00
      4.170    21.1488    38.2362     2.4872     4.9065    213.380  0.000e+00
      4.221    21.1485    38.2367     2.4884     4.9091    213.492  0.000e+00
      4.170    21.1490    38.2365     2.4872     4.9052    213.326  0.000e+00
      4.170    21.1494    38.2363     2.4872     4.9045    213.295  0.000e+00
      4.163    21.1499    38.2361     2.4872     4.9038    213.263  0.000e+00
      4.170    21.1499    38.2360     2.4872     4.9032    213.235  0.000e+00
      4.119    21.1495    38.2360     2.4872     4.9025    213.208  0.000e+00
      4.119    21.1492    38.2359     2.4872     4.9022    213.192  0.000e+00
      4.119    21.1494    38.2346     2.4872     4.9018    213.176  0.000e+00
      4.119    21.1483    38.2346     2.4872     4.9013    213.156  0.000e+00
      4.061    21.1471    38.2342     2.4872     4.9011    213.145  0.000e+00
      4.061    21.1460    38.2341     2.4872     4.9009    213.136  0.000e+00
      4.010    21.1450    38.2347     2.4872     4.9004    213.117  0.000e+00
      4.061    21.1433    38.2350     2.4860     4.8971    212.971  0.000e+00
      4.010    21.1414    38.2350     2.4860     4.8968    212.958  0.000e+00
      4.010    21.1399    38.2343     2.4860     4.8968    212.957  0.000e+00
      3.959    21.1385    38.2342     2.4860     4.8967    212.955  0.000e+00
      3.959    21.1383    38.2346     2.4860     4.8966    212.951  0.000e+00
      3.959    21.1365    38.2353     2.4860     4.8967    212.955  0.000e+00
      3.901    21.1343    38.2374     2.4860     4.8968    212.958  0.000e+00
      3.901    21.1358    38.2420     2.4860     4.8964    212.938  0.000e+00
      3.901    21.1411    38.2449     2.4860     4.8959    212.917  0.000e+00
      3.800    21.1469    38.2446     2.4872     4.8987    213.038  0.000e+00
      3.850    21.1515    38.2419     2.4872     4.8987    213.041  0.000e+00
      3.850    21.1548    38.2405     2.4860     4.8956    212.906  0.000e+00
      3.799    21.1584    38.2392     2.4848     4.8922    212.760  0.000e+00
      3.741    21.1600    38.2395     2.4848     4.8921    212.755  0.000e+00
      3.749    21.1615    38.2394     2.4860     4.8954    212.896  0.000e+00
      3.749    21.1634    38.2385     2.4860     4.8956    212.907  0.000e+00
      3.690    21.1651    38.2380     2.4860     4.8958    212.917  0.000e+00
      3.690    21.1677    38.2374     2.4860     4.8961    212.928  0.000e+00
      3.640    21.1688    38.2365     2.4848     4.8930    212.794  0.000e+00
      3.640    21.1693    38.2366     2.4848     4.8931    212.798  0.000e+00
      3.581    21.1700    38.2366     2.4848     4.8931    212.801  0.000e+00
      3.589    21.1712    38.2363     2.4848     4.8933    212.806  0.000e+00
      3.531    21.1714    38.2363     2.4848     4.8932    212.805  0.000e+00
      3.531    21.1717    38.2360     2.4848     4.8933    212.807  0.000e+00
      3.531    21.1721    38.2359     2.4848     4.8934    212.810  0.000e+00
      3.480    21.1724    38.2363     2.4848     4.8934    212.813  0.000e+00
      3.480    21.1727    38.2363     2.4835     4.8905    212.687  0.000e+00
      3.422    21.1731    38.2364     2.4848     4.8940    212.836  0.000e+00
      3.429    21.1736    38.2357     2.4848     4.8942    212.847  0.000e+00
      3.429    21.1735    38.2363     2.4848     4.8945    212.860  0.000e+00
      3.320    21.1739    38.2366     2.4848     4.8945    212.860  0.000e+00
      3.371    21.1749    38.2366     2.4848     4.8946    212.864  0.000e+00
      3.320    21.1758    38.2362     2.4848     4.8947    212.868  0.000e+00
      3.262    21.1760    38.2363     2.4848     4.8948    212.874  0.000e+00
      3.371    21.1760    38.2358     2.4848     4.8951    212.887  0.000e+00
      3.269    21.1760    38.2359     2.4848     4.8951    212.886  0.000e+00
      3.269    21.1758    38.2361     2.4848     4.8952    212.889  0.000e+00
      3.211    21.1763    38.2355     2.4848     4.8954    212.899  0.000e+00
      3.211    21.1762    38.2359     2.4848     4.8955    212.903  0.000e+00
      3.211    21.1765    38.2358     2.4848     4.8956    212.907  0.000e+00
