Data/2022/Day1/ctds/2.cnv
* Sea-Bird SBE 9 Data File:
* FileName = C:\CTD\Mir-MER\ST2_D1.hex
* Software Version Seasave V 7.26.7.121
* Temperature SN = 0809
* Conductivity SN = 3159
* Number of Bytes Per Scan = 24
* Number of Voltage Words = 4
* Number of Scans Averaged by the Deck Unit = 1
** Ship: antedon
** Station: ST2
** Operator: me and myself
# nquan = 7
# nvalues = 4486                                  
# units = specified
# name 0 = prDM: Pressure, Digiquartz [db]
# name 1 = t090C: Temperature [ITS-90, deg C]
# name 2 = sal00: Salinity, Practical [PSU]
# name 3 = sbeox0V: Oxygen raw, SBE 43 [V]
# name 4 = sbeox0ML/L: Oxygen, SBE 43 [ml/l]
# name 5 = sbox0Mm/Kg: Oxygen, SBE 43 [umol/kg]
# name 6 = flag:  0.000e+00
# span 0 =     -0.790,     26.341                 
# span 1 =    20.9393,    21.3431                 
# span 2 =     8.3927,    38.2543                 
# span 3 =     2.4469,     2.6288                 
# span 4 =     4.6088,     5.7102                 
# span 5 =    200.446,    253.925                 
# span 6 = 0.0000e+00, 0.0000e+00                 
# interval = seconds: 0.0416667
# start_time = Oct 11 2022 11:08:38 [System UTC, header]
# bad_flag = -9.990e-29
*END*
[from data line 411]
      8.020    21.1054    38.2382     2.4884     4.9247    214.169  0.000e+00
      8.071    21.1063    38.2382     2.4884     4.9243    214.151  0.000e+00
      8.071    21.1072    38.2383     2.4884     4.9240    214.139  0.000e+00
      8.020    21.1079    38.2381     2.4896     4.9270    214.269  0.000e+00
      8.122    21.1086    38.2371     2.4896     4.9270    214.270  0.000e+00
      8.071    21.1082    38.2366     2.4896     4.9270    214.269  0.000e+00
      8.122    21.1073    38.2366     2.4896     4.9268    214.262  0.000e+00
      8.122    21.1072    38.2366     2.4896     4.9267    214.258  0.000e+00
      8.122    21.1074    38.2374     2.4884     4.9233    214.109  0.000e+00
      8.122    21.1082    38.2374     2.4896     4.9262    214.233  0.000e+00
      8.180    21.1089    38.2371     2.4896     4.9260    214.225  0.000e+00
      8.122    21.1091    38.2370     2.4908     4.9292    214.366  0.000e+00
      8.180    21.1091    38.2369     2.4908     4.9295    214.376  0.000e+00
      8.180    21.1088    38.2370     2.4908     4.9297    214.386  0.000e+00
      8.180    21.1089    38.2371     2.4908     4.9296    214.382  0.000e+00
      8.180    21.1093    38.2369     2.4908     4.9295    214.377  0.000e+00
      8.180    21.1094    38.2370     2.4908     4.9295    214.380  0.000e+00
      8.231    21.1096    38.2367     2.4908     4.9296    214.384  0.000e+00
      8.172    21.1098    38.2364     2.4908     4.9296    214.383  0.000e+00
      8.230    21.1100    38.2365     2.4896     4.9264    214.242  0.000e+00
      8.230    21.1100    38.2366     2.4896     4.9262    214.233  0.000e+00
      8.230    21.1096    38.2366     2.4896     4.9259    214.224  0.000e+00
      8.281    21.1096    38.2362     2.4896     4.9260    214.224  0.000e+00
      8.230    21.1094    38.2364     2.4896     4.9257    214.212  0.000e+00
      8.230    21.1093    38.2371     2.4908     4.9284    214.332  0.000e+00
      8.281    21.1093    38.2372     2.4908     4.9284    214.329  0.000e+00
      8.281    21.1093    38.2369     2.4908     4.9282    214.323  0.000e+00
      8.281    21.1094    38.2367     2.4896     4.9248    214.174  0.000e+00
      8.339    21.1089    38.2367     2.4896     4.9245    214.161  0.000e+00
      8.281    21.1088    38.2361     2.4896     4.9241    214.143  0.000e+00
      8.339    21.1077    38.2362     2.4896     4.9240    214.140  0.000e+00
      8.339    21.1063    38.2358     2.4896     4.9240    214.137  0.000e+00
      8.339    21.1051    38.2360     2.4896     4.9238    214.132  0.000e+00
      8.390    21.1049    38.2377     2.4908     4.9269    214.264  0.000e+00
      8.339    21.1056    38.2384     2.4908     4.9267    214.257  0.000e+00
      8.441    21.1063    38.2375     2.4908     4.9269    214.265  0.000e+00
      8.390    21.1063    38.2366     2.4908     4.9269    214.263  0.000e+00
      8.440    21.1058    38.2364     2.4921     4.9301    214.405  0.000e+00
      8.499    21.1049    38.2357     2.4921     4.9304    214.416  0.000e+00
      8.440    21.1037    38.2361     2.4908     4.9272    214.280  0.000e+00
      8.498    21.1028    38.2365     2.4908     4.9274    214.287  0.000e+00
      8.498    21.1024    38.2372     2.4908     4.9275    214.290  0.000e+00
      8.440    21.1030    38.2373     2.4908     4.9275    214.289  0.000e+00
      8.709    21.1031    38.2372     2.4908     4.9277    214.297  0.000e+00
      8.549    21.1031    38.2372     2.4908     4.9276    214.295  0.000e+00
      8.600    21.1028    38.2374     2.4908     4.9277    214.298  0.000e+00
      8.651    21.1031    38.2372     2.4908     4.9277    214.299  0.000e+00
      8.709    21.1028    38.2372     2.4908     4.9278    214.303  0.000e+00
      8.651    21.1026    38.2372     2.4908     4.9278    214.302  0.000e+00
      8.709    21.1021    38.2375     2.4908     4.9276    214.295  0.000e+00
      8.760    21.1021    38.2374     2.4908     4.9274    214.286  0.000e+00
      8.759    21.1028    38.2375     2.4908     4.9271    214.272  0.000e+00
      8.759    21.1028    38.2376     2.4908     4.9270    214.269  0.000e+00
      8.810    21.1028    38.2371     2.4908     4.9270    214.268  0.000e+00
      8.868    21.1026    38.2372     2.4908     4.9269    214.266  0.000e+00
      8.868    21.1025    38.2373     2.4908     4.9269    214.263  0.000e+00
      8.919    21.1021    38.2372     2.4908     4.9268    214.262  0.000e+00
      8.919    21.1023    38.2373     2.4896     4.9232    214.105  0.000e+00
      8.919    21.1023    38.2372     2.4908     4.9262    214.233  0.000e+00
      9.028    21.1021    38.2378     2.4908     4.9261    214.230  0.000e+00
      8.970    21.1021    38.2376     2.4908     4.9262    214.232  0.000e+00
      9.028    21.1024    38.2373     2.4908     4.9263    214.237  0.000e+00
      9.079    21.1024    38.2373     2.4908     4.9264    214.242  0.000e+00
      9.028    21.1026    38.2371     2.4908     4.9264    214.244  0.000e+00
      9.129    21.1023    38.2374     2.4908     4.9266    214.252  0.000e+00
      9.078    21.1023    38.2376     2.4908     4.9267    214.254  0.000e+00
      9.129    21.1023    38.2370     2.4908     4.9268    214.260  0.000e+00
      9.187    21.1021    38.2376     2.4908     4.9269    214.265  0.000e+00
      9.129    21.1021    38.2371     2.4908     4.9268    214.258  0.000e+00
      9.238    21.1021    38.2365     2.4896     4.9234    214.114  0.000e+00
      9.187    21.1021    38.2367     2.4908     4.9263    214.239  0.000e+00
      9.238    21.1023    38.2372     2.4908     4.9262    214.233  0.000e+00
      9.289    21.1026    38.2375     2.4908     4.9260    214.225  0.000e+00
      9.238    21.1026    38.2375     2.4908     4.9260    214.226  0.000e+00
      9.238    21.1024    38.2373     2.4908     4.9261    214.230  0.000e+00
      9.289    21.1025    38.2371     2.4908     4.9262    214.233  0.000e+00
      9.289    21.1024    38.2377     2.4908     4.9260    214.226  0.000e+00
      9.347    21.1028    38.2373     2.4908     4.9258    214.218  0.000e+00
      9.347    21.1028    38.2375     2.4908     4.9257    214.210  0.000e+00
      9.347    21.1031    38.2370     2.4908     4.9254    214.201  0.000e+00
      9.347    21.1030    38.2376     2.4896     4.9220    214.050  0.000e+00
      9.397    21.1031    38.2368     2.4896     4.9216    214.034  0.000e+00
      9.238    21.1031    38.2374     2.4896     4.9213    214.020  0.000e+00
      9.557    21.1031    38.2376     2.4908     4.9246    214.163  0.000e+00
      9.397    21.1031    38.2376     2.4908     4.9245    214.160  0.000e+00
      9.448    21.1032    38.2375     2.4896     4.9213    214.020  0.000e+00
      9.448    21.1031    38.2376     2.4896     4.9213    214.022  0.000e+00
      9.506    21.1031    38.2374     2.4896     4.9214    214.026  0.000e+00
      9.448    21.1028    38.2378     2.4896     4.9213    214.020  0.000e+00
      9.506    21.1028    38.2374     2.4896     4.9212    214.016  0.000e+00
      9.557    21.1026    38.2375     2.4896     4.9211    214.012  0.000e+00
      9.506    21.1023    38.2377     2.4896     4.9210    214.007  0.000e+00
      9.557    21.1024    38.2370     2.4896     4.9209    214.004  0.000e+00
      9.607    21.1026    38.2371     2.4896     4.9208    214.001  0.000e+00
      9.607    21.1024    38.2372     2.4896     4.9208    213.997  0.000e+00
      9.607    21.1021    38.2376     2.4896     4.9207    213.995  0.000e+00
      9.607    21.1023    38.2371     2.4896     4.9206    213.992  0.000e+00
      9.665    21.1019    38.2376     2.4896     4.9206    213.991  0.000e+00
      9.665    21.1019    38.2374     2.4896     4.9206    213.989  0.000e+00
      9.716    21.1019    38.2372     2.4896     4.9206    213.989  0.000e+00
      9.716    21.1020    38.2373     2.4896     4.9205    213.987  0.000e+00
      9.767    21.1017    38.2375     2.4896     4.9205    213.988  0.000e+00
      9.767    21.1017    38.2375     2.4896     4.9205    213.987  0.000e+00
      9.767    21.1019    38.2373     2.4896     4.9205    213.986  0.000e+00
      9.767    21.1015    38.2379     2.4896     4.9205    213.987  0.000e+00
      9.825    21.1020    38.2373     2.4896     4.9205    213.988  0.000e+00
      9.876    21.1019    38.2373     2.4896     4.9204    213.981  0.000e+00
      9.825    21.1019    38.2373     2.4884     4.9171    213.838  0.000e+00
      9.926    21.1015    38.2372     2.4884     4.9170    213.835  0.000e+00
      9.926    21.1017    38.2373     2.4884     4.9168    213.827  0.000e+00
      9.876    21.1014    38.2377     2.4896     4.9200    213.962  0.000e+00
      9.984    21.1015    38.2378     2.4896     4.9201    213.968  0.000e+00
      9.984    21.1015    38.2376     2.4884     4.9169    213.830  0.000e+00
      9.984    21.1015    38.2374     2.4884     4.9168    213.826  0.000e+00
     10.035    21.1014    38.2373     2.4872     4.9135    213.682  0.000e+00
      9.984    21.1016    38.2373     2.4884     4.9164    213.810  0.000e+00
     10.086    21.1019    38.2375     2.4884     4.9164    213.809  0.000e+00
     10.035    21.1023    38.2377     2.4896     4.9196    213.947  0.000e+00
     10.144    21.1024    38.2376     2.4884     4.9164    213.806  0.000e+00
     10.086    21.1026    38.2375     2.4884     4.9163    213.804  0.000e+00
     10.086    21.1024    38.2373     2.4884     4.9163    213.805  0.000e+00
     10.144    21.1025    38.2377     2.4884     4.9164    213.807  0.000e+00
     10.195    21.1028    38.2375     2.4884     4.9164    213.809  0.000e+00
     10.194    21.1030    38.2375     2.4884     4.9165    213.811  0.000e+00
     10.144    21.1030    38.2371     2.4896     4.9198    213.956  0.000e+00
     10.245    21.1030    38.2372     2.4884     4.9169    213.829  0.000e+00
     10.194    21.1030    38.2374     2.4884     4.9170    213.832  0.000e+00
     10.245    21.1030    38.2375     2.4872     4.9138    213.697  0.000e+00
     10.296    21.1030    38.2372     2.4884     4.9171    213.838  0.000e+00
     10.245    21.1031    38.2373     2.4884     4.9170    213.834  0.000e+00
     10.296    21.1030    38.2371     2.4884     4.9170    213.834  0.000e+00
     10.296    21.1030    38.2373     2.4884     4.9169    213.832  0.000e+00
     10.354    21.1030    38.2374     2.4896     4.9204    213.984  0.000e+00
     10.354    21.1030    38.2374     2.4884     4.9176    213.860  0.000e+00
     10.354    21.1028    38.2373     2.4884     4.9176    213.861  0.000e+00
     10.354    21.1024    38.2362     2.4884     4.9177    213.864  0.000e+00
     10.405    21.1014    38.2366     2.4884     4.9178    213.869  0.000e+00
     10.405    21.1008    38.2374     2.4896     4.9211    214.014  0.000e+00
     10.404    21.1007    38.2374     2.4896     4.9214    214.025  0.000e+00
     10.455    21.1002    38.2369     2.4884     4.9185    213.897  0.000e+00
     10.404    21.0992    38.2367     2.4884     4.9185    213.901  0.000e+00
     10.513    21.0988    38.2370     2.4884     4.9187    213.907  0.000e+00
     10.455    21.0984    38.2373     2.4896     4.9220    214.051  0.000e+00
     10.513    21.0980    38.2374     2.4896     4.9223    214.066  0.000e+00
     10.513    21.0980    38.2374     2.4896     4.9226    214.077  0.000e+00
     10.564    21.0975    38.2374     2.4896     4.9229    214.092  0.000e+00
     10.513    21.0972    38.2374     2.4896     4.9232    214.103  0.000e+00
     10.564    21.0966    38.2380     2.4896     4.9235    214.117  0.000e+00
     10.564    21.0972    38.2383     2.4896     4.9237    214.126  0.000e+00
     10.615    21.0973    38.2384     2.4896     4.9240    214.138  0.000e+00
     10.615    21.0980    38.2388     2.4896     4.9242    214.146  0.000e+00
     10.614    21.0986    38.2385     2.4884     4.9211    214.014  0.000e+00
     10.673    21.0992    38.2386     2.4896     4.9245    214.158  0.000e+00
     10.614    21.0998    38.2388     2.4884     4.9214    214.023  0.000e+00
     10.723    21.1003    38.2388     2.4896     4.9247    214.169  0.000e+00
     10.672    21.1007    38.2386     2.4908     4.9282    214.321  0.000e+00
     10.723    21.1010    38.2380     2.4896     4.9252    214.191  0.000e+00
     10.723    21.1013    38.2379     2.4896     4.9252    214.192  0.000e+00
     10.774    21.1014    38.2377     2.4896     4.9253    214.195  0.000e+00
     10.723    21.1012    38.2373     2.4896     4.9255    214.206  0.000e+00
     10.774    21.1010    38.2374     2.4896     4.9258    214.218  0.000e+00
     10.774    21.1010    38.2376     2.4896     4.9259    214.219  0.000e+00
     10.774    21.1009    38.2378     2.4896     4.9259    214.220  0.000e+00
     10.832    21.1010    38.2377     2.4896     4.9257    214.212  0.000e+00
     10.832    21.1010    38.2377     2.4896     4.9257    214.212  0.000e+00
     10.832    21.1010    38.2377     2.4896     4.9257    214.211  0.000e+00
     10.883    21.1010    38.2378     2.4896     4.9259    214.221  0.000e+00
     10.882    21.1008    38.2375     2.4896     4.9259    214.221  0.000e+00
     10.882    21.1004    38.2373     2.4908     4.9292    214.363  0.000e+00
     10.933    21.1000    38.2374     2.4908     4.9294    214.373  0.000e+00
     10.933    21.0994    38.2376     2.4896     4.9263    214.239  0.000e+00
     10.933    21.0994    38.2371     2.4896     4.9262    214.236  0.000e+00
     10.991    21.0991    38.2374     2.4896     4.9262    214.235  0.000e+00
     10.991    21.0988    38.2373     2.4896     4.9264    214.241  0.000e+00
     10.991    21.0984    38.2375     2.4908     4.9296    214.381  0.000e+00
     11.042    21.0982    38.2375     2.4908     4.9297    214.387  0.000e+00
     11.042    21.0982    38.2376     2.4908     4.9296    214.380  0.000e+00
     11.042    21.0979    38.2373     2.4908     4.9297    214.385  0.000e+00
     11.093    21.0979    38.2377     2.4908     4.9297    214.387  0.000e+00
     11.093    21.0974    38.2385     2.4908     4.9298    214.388  0.000e+00
     11.093    21.0973    38.2385     2.4908     4.9298    214.389  0.000e+00
     11.151    21.0973    38.2381     2.4908     4.9300    214.400  0.000e+00
     11.092    21.0970    38.2377     2.4908     4.9300    214.399  0.000e+00
     11.201    21.0963    38.2380     2.4908     4.9301    214.402  0.000e+00
     11.201    21.0962    38.2384     2.4908     4.9300    214.399  0.000e+00
     11.201    21.0961    38.2385     2.4921     4.9332    214.538  0.000e+00
     11.252    21.0964    38.2382     2.4921     4.9335    214.553  0.000e+00
     11.252    21.0968    38.2386     2.4921     4.9338    214.564  0.000e+00
     11.310    21.0975    38.2381     2.4921     4.9339    214.567  0.000e+00
     11.310    21.0975    38.2382     2.4908     4.9306    214.426  0.000e+00
     11.361    21.0979    38.2382     2.4921     4.9337    214.560  0.000e+00
     11.310    21.0984    38.2382     2.4921     4.9339    214.566  0.000e+00
     11.411    21.0989    38.2382     2.4921     4.9341    214.576  0.000e+00
     11.411    21.0992    38.2382     2.4921     4.9342    214.583  0.000e+00
     11.469    21.0994    38.2382     2.4921     4.9344    214.591  0.000e+00
     11.469    21.0995    38.2378     2.4908     4.9313    214.455  0.000e+00
     11.469    21.1000    38.2379     2.4921     4.9344    214.592  0.000e+00
     11.520    21.1007    38.2378     2.4921     4.9345    214.596  0.000e+00
     11.571    21.1010    38.2371     2.4921     4.9347    214.602  0.000e+00
     11.571    21.1007    38.2374     2.4921     4.9348    214.607  0.000e+00
     11.571    21.1003    38.2376     2.4921     4.9346    214.601  0.000e+00
     11.629    21.0998    38.2376     2.4908     4.9315    214.464  0.000e+00
     11.680    21.0994    38.2379     2.4921     4.9344    214.592  0.000e+00
     11.680    21.0989    38.2383     2.4921     4.9345    214.594  0.000e+00
