Data/2022/Day1/ctds/2.cnv
* Sea-Bird SBE 9 Data File:
* FileName = C:\CTD\Mir-MER\ST2_D1.hex
* Software Version Seasave V 7.26.7.121
* Temperature SN = 0809
* Conductivity SN = 3159
* Number of Bytes Per Scan = 24
* Number of Voltage Words = 4
* Number of Scans Averaged by the Deck Unit = 1
** Ship: antedon
** Station: ST2
** Operator: me and myself
# nquan = 7
# nvalues = 4486                                  
# units = specified
# name 0 = prDM: Pressure, Digiquartz [db]
# name 1 = t090C: Temperature [ITS-90, deg C]
# name 2 = sal00: Salinity, Practical [PSU]
# name 3 = sbeox0V: Oxygen raw, SBE 43 [V]
# name 4 = sbeox0ML/L: Oxygen, SBE 43 [ml/l]
# name 5 = sbox0Mm/Kg: Oxygen, SBE 43 [umol/kg]
# name 6 = flag:  0.000e+00
# span 0 =     -0.790,     26.341                 
# span 1 =    20.9393,    21.3431                 
# span 2 =     8.3927,    38.2543                 
# span 3 =     2.4469,     2.6288                 
# span 4 =     4.6088,     5.7102                 
# span 5 =    200.446,    253.925                 
# span 6 = 0.0000e+00, 0.0000e+00                 
# interval = seconds: 0.0416667
# start_time = Oct 11 2022 11:08:38 [System UTC, header]
# bad_flag = -9.990e-29
*END*
[from data line 2257]
     25.809    20.9465    38.2350     2.5006     4.9749    216.342  0.000e+00
     25.823    20.9455    38.2349     2.4994     4.9722    216.224  0.000e+00
     25.874    20.9443    38.2350     2.4982     4.9693    216.099  0.000e+00
     25.808    20.9437    38.2356     2.4970     4.9660    215.958  0.000e+00
     25.823    20.9441    38.2359     2.4994     4.9722    216.226  0.000e+00
     25.823    20.9448    38.2362     2.5006     4.9753    216.359  0.000e+00
     25.866    20.9456    38.2363     2.4994     4.9722    216.224  0.000e+00
     25.823    20.9464    38.2356     2.4994     4.9723    216.231  0.000e+00
     25.823    20.9466    38.2351     2.5018     4.9794    216.537  0.000e+00
     25.808    20.9458    38.2356     2.5006     4.9768    216.425  0.000e+00
     25.874    20.9454    38.2358     2.4994     4.9736    216.285  0.000e+00
     25.874    20.9453    38.2358     2.4994     4.9736    216.284  0.000e+00
     25.866    20.9453    38.2355     2.4994     4.9737    216.293  0.000e+00
     25.873    20.9452    38.2355     2.4994     4.9737    216.292  0.000e+00
     25.866    20.9448    38.2355     2.4994     4.9735    216.283  0.000e+00
     25.873    20.9445    38.2355     2.4994     4.9737    216.291  0.000e+00
     25.924    20.9444    38.2355     2.4994     4.9739    216.300  0.000e+00
     25.866    20.9443    38.2353     2.5006     4.9774    216.450  0.000e+00
     25.924    20.9441    38.2351     2.5031     4.9842    216.745  0.000e+00
     25.873    20.9443    38.2353     2.5006     4.9778    216.470  0.000e+00
     25.968    20.9441    38.2352     2.4994     4.9747    216.335  0.000e+00
     25.924    20.9439    38.2352     2.5018     4.9814    216.624  0.000e+00
     25.924    20.9436    38.2352     2.5006     4.9782    216.485  0.000e+00
     25.967    20.9432    38.2351     2.4994     4.9750    216.346  0.000e+00
     25.982    20.9431    38.2349     2.5006     4.9783    216.492  0.000e+00
     25.982    20.9423    38.2349     2.5031     4.9852    216.792  0.000e+00
     26.025    20.9418    38.2346     2.5006     4.9794    216.537  0.000e+00
     25.982    20.9414    38.2348     2.5018     4.9829    216.689  0.000e+00
     25.873    20.9410    38.2350     2.5018     4.9828    216.686  0.000e+00
     26.185    20.9409    38.2348     2.4994     4.9766    216.415  0.000e+00
     26.033    20.9405    38.2353     2.5018     4.9832    216.705  0.000e+00
     26.076    20.9402    38.2353     2.5006     4.9803    216.579  0.000e+00
     26.083    20.9401    38.2351     2.4994     4.9770    216.433  0.000e+00
     26.083    20.9401    38.2352     2.5018     4.9830    216.695  0.000e+00
     26.076    20.9399    38.2354     2.5006     4.9798    216.555  0.000e+00
     26.083    20.9401    38.2353     2.5006     4.9798    216.557  0.000e+00
     26.141    20.9401    38.2351     2.5018     4.9832    216.705  0.000e+00
     26.127    20.9403    38.2350     2.5006     4.9797    216.552  0.000e+00
     26.141    20.9397    38.2356     2.4994     4.9763    216.402  0.000e+00
     26.141    20.9396    38.2354     2.5006     4.9793    216.536  0.000e+00
     26.185    20.9395    38.2354     2.5018     4.9822    216.661  0.000e+00
     26.192    20.9396    38.2356     2.5006     4.9789    216.515  0.000e+00
     26.185    20.9397    38.2354     2.4994     4.9757    216.379  0.000e+00
     26.141    20.9397    38.2360     2.5018     4.9820    216.651  0.000e+00
     26.192    20.9401    38.2357     2.5018     4.9821    216.657  0.000e+00
     26.235    20.9401    38.2356     2.4994     4.9755    216.368  0.000e+00
     26.192    20.9402    38.2357     2.5006     4.9780    216.477  0.000e+00
     26.242    20.9405    38.2354     2.5018     4.9809    216.605  0.000e+00
     26.184    20.9404    38.2355     2.5006     4.9779    216.473  0.000e+00
     26.242    20.9405    38.2354     2.4994     4.9747    216.335  0.000e+00
     26.242    20.9404    38.2353     2.5006     4.9777    216.463  0.000e+00
     26.184    20.9406    38.2350     2.5018     4.9805    216.588  0.000e+00
     26.242    20.9405    38.2354     2.4994     4.9736    216.285  0.000e+00
     26.235    20.9402    38.2358     2.4994     4.9732    216.268  0.000e+00
     26.191    20.9403    38.2356     2.4994     4.9730    216.258  0.000e+00
     26.242    20.9406    38.2354     2.4994     4.9726    216.241  0.000e+00
     26.184    20.9406    38.2355     2.4994     4.9721    216.222  0.000e+00
     26.242    20.9413    38.2351     2.5018     4.9787    216.510  0.000e+00
     26.191    20.9412    38.2353     2.5018     4.9790    216.519  0.000e+00
     26.235    20.9411    38.2352     2.4994     4.9724    216.236  0.000e+00
     26.191    20.9410    38.2352     2.4994     4.9720    216.217  0.000e+00
     26.082    20.9408    38.2351     2.4982     4.9683    216.054  0.000e+00
     26.286    20.9408    38.2351     2.4970     4.9645    215.890  0.000e+00
     26.191    20.9406    38.2355     2.4994     4.9702    216.138  0.000e+00
     26.140    20.9405    38.2352     2.4994     4.9698    216.121  0.000e+00
     26.126    20.9404    38.2352     2.4994     4.9694    216.104  0.000e+00
     26.140    20.9401    38.2354     2.4994     4.9693    216.099  0.000e+00
     26.184    20.9402    38.2351     2.4970     4.9630    215.827  0.000e+00
     26.082    20.9401    38.2350     2.4982     4.9657    215.944  0.000e+00
     26.140    20.9401    38.2354     2.4994     4.9685    216.065  0.000e+00
     26.075    20.9399    38.2356     2.4994     4.9686    216.070  0.000e+00
     26.082    20.9401    38.2353     2.4970     4.9620    215.781  0.000e+00
     26.082    20.9401    38.2355     2.4982     4.9646    215.893  0.000e+00
     26.075    20.9401    38.2351     2.5006     4.9709    216.169  0.000e+00
     26.031    20.9401    38.2352     2.4994     4.9682    216.052  0.000e+00
     26.082    20.9399    38.2356     2.4970     4.9617    215.767  0.000e+00
     26.024    20.9399    38.2354     2.4982     4.9647    215.901  0.000e+00
     25.980    20.9401    38.2354     2.4994     4.9680    216.044  0.000e+00
     26.024    20.9401    38.2354     2.4994     4.9679    216.038  0.000e+00
     26.031    20.9401    38.2353     2.4970     4.9616    215.765  0.000e+00
     25.980    20.9401    38.2354     2.4982     4.9645    215.892  0.000e+00
     25.965    20.9401    38.2351     2.4994     4.9675    216.021  0.000e+00
     25.980    20.9401    38.2352     2.4994     4.9678    216.036  0.000e+00
     25.922    20.9402    38.2352     2.4994     4.9679    216.040  0.000e+00
     25.965    20.9401    38.2355     2.4994     4.9681    216.047  0.000e+00
     25.922    20.9402    38.2356     2.4994     4.9684    216.062  0.000e+00
     25.980    20.9401    38.2357     2.4970     4.9621    215.785  0.000e+00
     25.863    20.9406    38.2355     2.4970     4.9615    215.760  0.000e+00
     25.922    20.9406    38.2353     2.4994     4.9679    216.039  0.000e+00
     25.921    20.9404    38.2356     2.4994     4.9684    216.058  0.000e+00
     25.914    20.9408    38.2354     2.4970     4.9620    215.781  0.000e+00
     25.871    20.9406    38.2359     2.4970     4.9616    215.764  0.000e+00
     25.871    20.9410    38.2354     2.4994     4.9682    216.053  0.000e+00
     25.914    20.9411    38.2351     2.5006     4.9721    216.219  0.000e+00
     25.871    20.9410    38.2353     2.4994     4.9691    216.089  0.000e+00
     25.863    20.9411    38.2357     2.4994     4.9693    216.101  0.000e+00
     25.921    20.9413    38.2354     2.4994     4.9699    216.126  0.000e+00
     25.870    20.9413    38.2356     2.4994     4.9702    216.139  0.000e+00
     25.863    20.9413    38.2357     2.4994     4.9703    216.144  0.000e+00
     25.870    20.9415    38.2355     2.4994     4.9707    216.159  0.000e+00
     25.870    20.9413    38.2352     2.4994     4.9713    216.185  0.000e+00
     25.863    20.9412    38.2356     2.4994     4.9714    216.192  0.000e+00
     25.870    20.9413    38.2356     2.4994     4.9716    216.198  0.000e+00
     25.870    20.9415    38.2353     2.4994     4.9717    216.204  0.000e+00
     25.914    20.9416    38.2352     2.4994     4.9719    216.211  0.000e+00
     25.870    20.9415    38.2357     2.4994     4.9720    216.216  0.000e+00
     25.870    20.9416    38.2358     2.4994     4.9726    216.242  0.000e+00
     25.914    20.9417    38.2355     2.4970     4.9667    215.984  0.000e+00
     25.870    20.9416    38.2356     2.4994     4.9730    216.259  0.000e+00
     25.914    20.9418    38.2358     2.5019     4.9798    216.554  0.000e+00
     25.921    20.9418    38.2357     2.5006     4.9769    216.429  0.000e+00
     25.921    20.9420    38.2354     2.4994     4.9735    216.282  0.000e+00
     25.913    20.9420    38.2357     2.4994     4.9737    216.289  0.000e+00
     25.921    20.9418    38.2354     2.4994     4.9738    216.297  0.000e+00
     25.921    20.9417    38.2353     2.4994     4.9740    216.304  0.000e+00
     25.964    20.9418    38.2352     2.4994     4.9742    216.311  0.000e+00
     25.921    20.9418    38.2354     2.4994     4.9738    216.297  0.000e+00
     25.979    20.9416    38.2357     2.5019     4.9804    216.581  0.000e+00
     25.964    20.9417    38.2354     2.5006     4.9776    216.461  0.000e+00
     25.979    20.9414    38.2355     2.4994     4.9747    216.333  0.000e+00
     25.979    20.9415    38.2354     2.4994     4.9743    216.317  0.000e+00
     26.022    20.9416    38.2353     2.4994     4.9742    216.312  0.000e+00
     25.978    20.9417    38.2356     2.4994     4.9744    216.323  0.000e+00
     25.920    20.9414    38.2359     2.4994     4.9745    216.326  0.000e+00
     26.124    20.9417    38.2354     2.4994     4.9743    216.315  0.000e+00
     26.029    20.9418    38.2354     2.5006     4.9773    216.448  0.000e+00
     26.073    20.9418    38.2353     2.5019     4.9809    216.603  0.000e+00
     26.029    20.9417    38.2353     2.5006     4.9780    216.480  0.000e+00
     26.080    20.9414    38.2355     2.4994     4.9746    216.329  0.000e+00
     26.022    20.9413    38.2351     2.4994     4.9744    216.319  0.000e+00
     26.080    20.9413    38.2354     2.5006     4.9777    216.463  0.000e+00
     26.080    20.9412    38.2355     2.4994     4.9746    216.329  0.000e+00
     26.072    20.9409    38.2354     2.4994     4.9746    216.329  0.000e+00
     26.138    20.9410    38.2349     2.4994     4.9746    216.330  0.000e+00
     26.080    20.9409    38.2351     2.4994     4.9746    216.328  0.000e+00
     26.123    20.9410    38.2354     2.4994     4.9741    216.308  0.000e+00
     26.080    20.9409    38.2356     2.4982     4.9703    216.143  0.000e+00
     26.181    20.9410    38.2353     2.4970     4.9668    215.992  0.000e+00
     26.079    20.9409    38.2355     2.4994     4.9729    216.255  0.000e+00
     26.138    20.9410    38.2353     2.5006     4.9757    216.379  0.000e+00
     26.123    20.9409    38.2354     2.4994     4.9722    216.224  0.000e+00
     26.188    20.9413    38.2352     2.4994     4.9721    216.221  0.000e+00
     26.137    20.9410    38.2358     2.4982     4.9689    216.084  0.000e+00
     26.123    20.9411    38.2356     2.4970     4.9654    215.929  0.000e+00
     26.137    20.9413    38.2354     2.4982     4.9682    216.051  0.000e+00
     26.188    20.9414    38.2354     2.4994     4.9713    216.185  0.000e+00
     26.123    20.9413    38.2355     2.4970     4.9646    215.896  0.000e+00
     26.188    20.9414    38.2354     2.4970     4.9642    215.878  0.000e+00
     26.137    20.9415    38.2354     2.4994     4.9703    216.145  0.000e+00
     26.123    20.9414    38.2352     2.4994     4.9704    216.145  0.000e+00
     26.137    20.9413    38.2352     2.4994     4.9704    216.146  0.000e+00
     26.123    20.9413    38.2355     2.4994     4.9704    216.146  0.000e+00
     26.188    20.9412    38.2352     2.4994     4.9704    216.149  0.000e+00
     26.137    20.9413    38.2352     2.4970     4.9638    215.862  0.000e+00
     26.122    20.9413    38.2355     2.4982     4.9667    215.987  0.000e+00
     26.137    20.9413    38.2351     2.4994     4.9698    216.123  0.000e+00
     26.137    20.9413    38.2349     2.4994     4.9694    216.105  0.000e+00
     26.122    20.9410    38.2357     2.5006     4.9727    216.249  0.000e+00
     26.079    20.9409    38.2354     2.4994     4.9701    216.134  0.000e+00
     26.137    20.9410    38.2356     2.4970     4.9638    215.860  0.000e+00
     26.071    20.9411    38.2356     2.4982     4.9667    215.985  0.000e+00
     26.137    20.9412    38.2354     2.4994     4.9698    216.123  0.000e+00
     26.071    20.9409    38.2354     2.4994     4.9699    216.125  0.000e+00
     26.079    20.9412    38.2350     2.5006     4.9732    216.270  0.000e+00
     26.028    20.9411    38.2351     2.4994     4.9702    216.138  0.000e+00
     26.071    20.9410    38.2357     2.5006     4.9735    216.284  0.000e+00
     26.079    20.9413    38.2351     2.4994     4.9710    216.171  0.000e+00
     26.028    20.9410    38.2357     2.4994     4.9712    216.183  0.000e+00
     26.071    20.9409    38.2358     2.5006     4.9746    216.330  0.000e+00
     26.028    20.9411    38.2352     2.4994     4.9716    216.198  0.000e+00
     26.028    20.9410    38.2357     2.5006     4.9749    216.343  0.000e+00
     25.962    20.9411    38.2357     2.5031     4.9817    216.639  0.000e+00
     26.027    20.9413    38.2353     2.5006     4.9758    216.383  0.000e+00
     25.977    20.9413    38.2359     2.4994     4.9727    216.248  0.000e+00
     26.020    20.9417    38.2354     2.4994     4.9730    216.259  0.000e+00
     25.977    20.9418    38.2351     2.4994     4.9734    216.278  0.000e+00
     26.020    20.9417    38.2351     2.5006     4.9770    216.435  0.000e+00
     25.918    20.9414    38.2352     2.5019     4.9805    216.587  0.000e+00
     25.976    20.9413    38.2353     2.5006     4.9777    216.466  0.000e+00
     25.962    20.9413    38.2355     2.4994     4.9749    216.342  0.000e+00
     25.976    20.9413    38.2354     2.4994     4.9749    216.343  0.000e+00
     25.918    20.9411    38.2355     2.4994     4.9749    216.344  0.000e+00
     25.962    20.9413    38.2351     2.4994     4.9750    216.346  0.000e+00
     25.976    20.9413    38.2354     2.4994     4.9750    216.347  0.000e+00
     25.918    20.9413    38.2354     2.5006     4.9783    216.490  0.000e+00
     25.911    20.9412    38.2355     2.5019     4.9816    216.633  0.000e+00
     25.918    20.9413    38.2351     2.5006     4.9783    216.489  0.000e+00
     25.976    20.9412    38.2353     2.4994     4.9752    216.356  0.000e+00
     25.911    20.9413    38.2354     2.4994     4.9753    216.362  0.000e+00
     25.918    20.9410    38.2356     2.4994     4.9753    216.362  0.000e+00
     25.758    20.9411    38.2356     2.4994     4.9752    216.356  0.000e+00
     26.070    20.9412    38.2354     2.5006     4.9784    216.496  0.000e+00
     25.867    20.9411    38.2356     2.5019     4.9813    216.622  0.000e+00
     25.961    20.9413    38.2353     2.5006     4.9782    216.486  0.000e+00
     25.918    20.9411    38.2357     2.4994     4.9750    216.347  0.000e+00
     25.867    20.9410    38.2360     2.4994     4.9744    216.323  0.000e+00
     25.911    20.9413    38.2355     2.5019     4.9805    216.585  0.000e+00
     25.918    20.9411    38.2353     2.5006     4.9775    216.455  0.000e+00
     25.918    20.9412    38.2355     2.4994     4.9742    216.314  0.000e+00
     25.910    20.9414    38.2355     2.4994     4.9740    216.305  0.000e+00
     25.918    20.9415    38.2357     2.4994     4.9739    216.298  0.000e+00
     25.918    20.9416    38.2355     2.4994     4.9737    216.291  0.000e+00
     25.910    20.9417    38.2353     2.4994     4.9731    216.264  0.000e+00
     25.918    20.9414    38.2360     2.4994     4.9727    216.247  0.000e+00
