Data/2022/Day1/ctds/2.cnv
* Sea-Bird SBE 9 Data File:
* FileName = C:\CTD\Mir-MER\ST2_D1.hex
* Software Version Seasave V 7.26.7.121
* Temperature SN = 0809
* Conductivity SN = 3159
* Number of Bytes Per Scan = 24
* Number of Voltage Words = 4
* Number of Scans Averaged by the Deck Unit = 1
** Ship: antedon
** Station: ST2
** Operator: me and myself
# nquan = 7
# nvalues = 4486                                  
# units = specified
# name 0 = prDM: Pressure, Digiquartz [db]
# name 1 = t090C: Temperature [ITS-90, deg C]
# name 2 = sal00: Salinity, Practical [PSU]
# name 3 = sbeox0V: Oxygen raw, SBE 43 [V]
# name 4 = sbeox0ML/L: Oxygen, SBE 43 [ml/l]
# name 5 = sbox0Mm/Kg: Oxygen, SBE 43 [umol/kg]
# name 6 = flag:  0.000e+00
# span 0 =     -0.790,     26.341                 
# span 1 =    20.9393,    21.3431                 
# span 2 =     8.3927,    38.2543                 
# span 3 =     2.4469,     2.6288                 
# span 4 =     4.6088,     5.7102                 
# span 5 =    200.446,    253.925                 
# span 6 = 0.0000e+00, 0.0000e+00                 
# interval = seconds: 0.0416667
# start_time = Oct 11 2022 11:08:38 [System UTC, header]
# bad_flag = -9.990e-29
*END*
[from data line 1231]
     22.451    21.0385    38.2395     2.4884     4.9276    214.291  0.000e+00
     22.451    21.0389    38.2400     2.4884     4.9277    214.297  0.000e+00
     22.451    21.0392    38.2403     2.4872     4.9244    214.152  0.000e+00
     22.603    21.0394    38.2403     2.4884     4.9276    214.289  0.000e+00
     22.552    21.0394    38.2408     2.4884     4.9276    214.289  0.000e+00
     22.552    21.0396    38.2405     2.4884     4.9276    214.291  0.000e+00
     22.603    21.0396    38.2402     2.4884     4.9277    214.296  0.000e+00
     22.661    21.0397    38.2401     2.4884     4.9278    214.300  0.000e+00
     22.661    21.0397    38.2400     2.4884     4.9279    214.305  0.000e+00
     22.661    21.0392    38.2399     2.4884     4.9281    214.313  0.000e+00
     22.704    21.0384    38.2393     2.4884     4.9284    214.324  0.000e+00
     22.712    21.0373    38.2389     2.4884     4.9289    214.346  0.000e+00
     22.770    21.0361    38.2390     2.4884     4.9294    214.370  0.000e+00
     22.813    21.0345    38.2381     2.4884     4.9298    214.388  0.000e+00
     22.770    21.0319    38.2379     2.4884     4.9303    214.407  0.000e+00
     22.871    21.0291    38.2383     2.4884     4.9308    214.431  0.000e+00
     22.820    21.0266    38.2371     2.4884     4.9313    214.453  0.000e+00
     22.922    21.0242    38.2377     2.4884     4.9319    214.476  0.000e+00
     22.929    21.0234    38.2387     2.4884     4.9322    214.491  0.000e+00
     22.929    21.0233    38.2402     2.4884     4.9323    214.494  0.000e+00
     22.973    21.0238    38.2398     2.4884     4.9324    214.498  0.000e+00
     22.980    21.0234    38.2387     2.4884     4.9328    214.516  0.000e+00
     23.031    21.0221    38.2394     2.4884     4.9331    214.528  0.000e+00
     23.031    21.0221    38.2405     2.4884     4.9332    214.532  0.000e+00
     23.023    21.0226    38.2403     2.4884     4.9333    214.536  0.000e+00
     23.089    21.0224    38.2392     2.4884     4.9337    214.557  0.000e+00
     23.088    21.0201    38.2376     2.4884     4.9344    214.586  0.000e+00
     23.132    21.0169    38.2366     2.4884     4.9349    214.609  0.000e+00
     23.139    21.0138    38.2369     2.4884     4.9354    214.631  0.000e+00
     23.139    21.0113    38.2378     2.4884     4.9359    214.648  0.000e+00
     23.030    21.0097    38.2386     2.4884     4.9361    214.660  0.000e+00
     23.342    21.0094    38.2384     2.4884     4.9366    214.680  0.000e+00
     23.190    21.0084    38.2381     2.4884     4.9366    214.681  0.000e+00
     23.248    21.0071    38.2381     2.4884     4.9368    214.689  0.000e+00
     23.241    21.0059    38.2390     2.4884     4.9369    214.693  0.000e+00
     23.248    21.0059    38.2398     2.4884     4.9369    214.693  0.000e+00
     23.299    21.0068    38.2406     2.4884     4.9368    214.690  0.000e+00
     23.241    21.0078    38.2400     2.4884     4.9367    214.686  0.000e+00
     23.299    21.0071    38.2393     2.4884     4.9369    214.692  0.000e+00
     23.299    21.0066    38.2389     2.4884     4.9369    214.695  0.000e+00
     23.349    21.0063    38.2393     2.4872     4.9337    214.556  0.000e+00
     23.342    21.0063    38.2399     2.4872     4.9333    214.537  0.000e+00
     23.349    21.0066    38.2403     2.4884     4.9364    214.670  0.000e+00
     23.349    21.0076    38.2394     2.4872     4.9330    214.525  0.000e+00
     23.342    21.0092    38.2380     2.4884     4.9360    214.656  0.000e+00
     23.407    21.0091    38.2380     2.4884     4.9361    214.660  0.000e+00
     23.407    21.0087    38.2385     2.4872     4.9329    214.519  0.000e+00
     23.400    21.0087    38.2381     2.4884     4.9360    214.655  0.000e+00
     23.407    21.0075    38.2377     2.4884     4.9362    214.663  0.000e+00
     23.458    21.0042    38.2383     2.4884     4.9366    214.678  0.000e+00
     23.458    21.0022    38.2380     2.4872     4.9335    214.546  0.000e+00
     23.451    21.0010    38.2382     2.4872     4.9332    214.533  0.000e+00
     23.458    21.0001    38.2385     2.4872     4.9331    214.530  0.000e+00
     23.509    20.9993    38.2386     2.4884     4.9364    214.670  0.000e+00
     23.501    20.9975    38.2392     2.4884     4.9366    214.679  0.000e+00
     23.567    20.9977    38.2382     2.4884     4.9367    214.684  0.000e+00
     23.508    20.9955    38.2391     2.4884     4.9369    214.693  0.000e+00
     23.552    20.9949    38.2390     2.4884     4.9370    214.699  0.000e+00
     23.566    20.9945    38.2393     2.4884     4.9371    214.703  0.000e+00
     23.566    20.9945    38.2391     2.4884     4.9372    214.706  0.000e+00
     23.668    20.9938    38.2381     2.4872     4.9341    214.573  0.000e+00
     23.610    20.9931    38.2386     2.4884     4.9373    214.710  0.000e+00
     23.617    20.9931    38.2385     2.4884     4.9374    214.713  0.000e+00
     23.668    20.9929    38.2379     2.4884     4.9375    214.720  0.000e+00
     23.711    20.9908    38.2381     2.4884     4.9378    214.732  0.000e+00
     23.668    20.9907    38.2380     2.4884     4.9379    214.735  0.000e+00
     23.726    20.9905    38.2383     2.4884     4.9380    214.740  0.000e+00
     23.769    20.9901    38.2372     2.4884     4.9381    214.747  0.000e+00
     23.777    20.9880    38.2370     2.4884     4.9384    214.759  0.000e+00
     23.777    20.9863    38.2371     2.4896     4.9419    214.911  0.000e+00
     23.777    20.9854    38.2377     2.4896     4.9423    214.926  0.000e+00
     23.871    20.9848    38.2380     2.4896     4.9426    214.942  0.000e+00
     23.827    20.9852    38.2371     2.4896     4.9429    214.952  0.000e+00
     23.878    20.9843    38.2371     2.4896     4.9432    214.967  0.000e+00
     23.871    20.9828    38.2371     2.4896     4.9436    214.984  0.000e+00
     23.936    20.9820    38.2372     2.4896     4.9439    214.999  0.000e+00
     23.936    20.9814    38.2375     2.4896     4.9442    215.010  0.000e+00
     23.929    20.9807    38.2372     2.4896     4.9445    215.022  0.000e+00
     23.987    20.9799    38.2368     2.4896     4.9448    215.037  0.000e+00
     23.987    20.9789    38.2379     2.4896     4.9451    215.047  0.000e+00
     24.030    20.9791    38.2384     2.4896     4.9452    215.055  0.000e+00
     24.038    20.9791    38.2380     2.4896     4.9454    215.063  0.000e+00
     24.038    20.9786    38.2380     2.4896     4.9457    215.073  0.000e+00
     24.088    20.9782    38.2382     2.4896     4.9459    215.082  0.000e+00
     24.096    20.9781    38.2384     2.4908     4.9493    215.232  0.000e+00
     24.095    20.9784    38.2389     2.4908     4.9496    215.245  0.000e+00
     24.146    20.9782    38.2392     2.4896     4.9467    215.118  0.000e+00
     24.139    20.9784    38.2391     2.4896     4.9468    215.122  0.000e+00
     24.197    20.9791    38.2387     2.4896     4.9469    215.126  0.000e+00
     24.146    20.9791    38.2385     2.4896     4.9467    215.119  0.000e+00
     24.190    20.9788    38.2377     2.4884     4.9434    214.973  0.000e+00
     24.197    20.9779    38.2370     2.4884     4.9433    214.971  0.000e+00
     24.255    20.9767    38.2366     2.4884     4.9431    214.962  0.000e+00
     24.248    20.9749    38.2373     2.4884     4.9431    214.961  0.000e+00
     24.255    20.9735    38.2379     2.4884     4.9430    214.959  0.000e+00
     24.255    20.9731    38.2375     2.4884     4.9427    214.944  0.000e+00
     24.298    20.9723    38.2382     2.4896     4.9459    215.083  0.000e+00
     24.255    20.9723    38.2379     2.4896     4.9459    215.084  0.000e+00
     24.306    20.9716    38.2376     2.4896     4.9461    215.090  0.000e+00
     24.349    20.9710    38.2374     2.4884     4.9427    214.942  0.000e+00
     24.305    20.9711    38.2373     2.4884     4.9422    214.922  0.000e+00
     24.356    20.9712    38.2370     2.4884     4.9418    214.904  0.000e+00
     24.298    20.9709    38.2366     2.4872     4.9383    214.752  0.000e+00
     24.356    20.9700    38.2366     2.4884     4.9413    214.882  0.000e+00
     24.414    20.9688    38.2375     2.4872     4.9379    214.734  0.000e+00
     24.254    20.9689    38.2383     2.4884     4.9406    214.853  0.000e+00
     24.509    20.9698    38.2388     2.4884     4.9405    214.847  0.000e+00
     24.414    20.9707    38.2394     2.4884     4.9401    214.831  0.000e+00
     24.356    20.9716    38.2390     2.4884     4.9398    214.818  0.000e+00
     24.458    20.9717    38.2378     2.4884     4.9395    214.803  0.000e+00
     24.465    20.9714    38.2376     2.4872     4.9360    214.653  0.000e+00
     24.414    20.9712    38.2376     2.4872     4.9356    214.634  0.000e+00
     24.458    20.9709    38.2376     2.4884     4.9385    214.761  0.000e+00
     24.516    20.9710    38.2379     2.4884     4.9383    214.753  0.000e+00
     24.465    20.9721    38.2375     2.4872     4.9347    214.597  0.000e+00
     24.508    20.9721    38.2362     2.4872     4.9344    214.583  0.000e+00
     24.515    20.9707    38.2356     2.4872     4.9341    214.572  0.000e+00
     24.515    20.9684    38.2362     2.4884     4.9372    214.707  0.000e+00
     24.508    20.9681    38.2369     2.4872     4.9340    214.566  0.000e+00
     24.573    20.9686    38.2377     2.4872     4.9338    214.559  0.000e+00
     24.573    20.9693    38.2375     2.4884     4.9369    214.694  0.000e+00
     24.617    20.9689    38.2361     2.4884     4.9371    214.702  0.000e+00
     24.573    20.9672    38.2361     2.4884     4.9374    214.713  0.000e+00
     24.624    20.9654    38.2368     2.4884     4.9377    214.725  0.000e+00
     24.668    20.9649    38.2368     2.4884     4.9379    214.734  0.000e+00
     24.624    20.9644    38.2371     2.4884     4.9380    214.740  0.000e+00
     24.675    20.9642    38.2375     2.4884     4.9382    214.748  0.000e+00
     24.726    20.9642    38.2374     2.4884     4.9384    214.756  0.000e+00
     24.675    20.9644    38.2374     2.4896     4.9418    214.904  0.000e+00
     24.733    20.9644    38.2373     2.4884     4.9389    214.779  0.000e+00
     24.776    20.9640    38.2369     2.4884     4.9391    214.789  0.000e+00
     24.784    20.9633    38.2368     2.4884     4.9394    214.800  0.000e+00
     24.784    20.9630    38.2368     2.4884     4.9396    214.809  0.000e+00
     24.827    20.9625    38.2372     2.4896     4.9434    214.973  0.000e+00
     24.834    20.9624    38.2376     2.4896     4.9440    215.001  0.000e+00
     24.834    20.9628    38.2376     2.4896     4.9444    215.018  0.000e+00
     24.878    20.9633    38.2379     2.4896     4.9448    215.035  0.000e+00
     24.892    20.9630    38.2378     2.4896     4.9453    215.055  0.000e+00
     24.943    20.9630    38.2376     2.4896     4.9457    215.076  0.000e+00
     24.936    20.9623    38.2369     2.4896     4.9460    215.088  0.000e+00
     24.994    20.9619    38.2368     2.4908     4.9496    215.243  0.000e+00
     24.994    20.9618    38.2366     2.4908     4.9500    215.261  0.000e+00
     25.037    20.9607    38.2360     2.4896     4.9472    215.140  0.000e+00
     24.994    20.9586    38.2356     2.4896     4.9476    215.154  0.000e+00
     25.103    20.9573    38.2365     2.4896     4.9479    215.167  0.000e+00
     25.095    20.9577    38.2378     2.4908     4.9514    215.322  0.000e+00
     25.052    20.9588    38.2373     2.4908     4.9519    215.342  0.000e+00
     25.153    20.9582    38.2365     2.4908     4.9526    215.372  0.000e+00
     25.146    20.9569    38.2363     2.4908     4.9530    215.391  0.000e+00
     25.153    20.9552    38.2359     2.4909     4.9535    215.412  0.000e+00
     25.211    20.9540    38.2357     2.4909     4.9539    215.431  0.000e+00
     25.197    20.9534    38.2362     2.4909     4.9540    215.434  0.000e+00
     25.262    20.9531    38.2365     2.4909     4.9543    215.447  0.000e+00
     25.262    20.9527    38.2369     2.4909     4.9543    215.448  0.000e+00
     25.255    20.9526    38.2375     2.4909     4.9545    215.456  0.000e+00
     25.313    20.9534    38.2372     2.4909     4.9546    215.463  0.000e+00
     25.313    20.9536    38.2373     2.4909     4.9548    215.468  0.000e+00
     25.305    20.9535    38.2370     2.4909     4.9549    215.475  0.000e+00
     25.371    20.9534    38.2368     2.4909     4.9551    215.483  0.000e+00
     25.371    20.9528    38.2364     2.4909     4.9551    215.481  0.000e+00
     25.356    20.9521    38.2367     2.4909     4.9550    215.477  0.000e+00
     25.422    20.9521    38.2369     2.4909     4.9551    215.481  0.000e+00
     25.421    20.9521    38.2369     2.4909     4.9551    215.482  0.000e+00
     25.414    20.9521    38.2368     2.4896     4.9516    215.330  0.000e+00
     25.421    20.9519    38.2369     2.4896     4.9512    215.312  0.000e+00
     25.472    20.9516    38.2370     2.4896     4.9508    215.295  0.000e+00
     25.465    20.9517    38.2370     2.4896     4.9505    215.283  0.000e+00
     25.530    20.9516    38.2368     2.4909     4.9534    215.408  0.000e+00
     25.472    20.9515    38.2368     2.4909     4.9531    215.394  0.000e+00
     25.516    20.9514    38.2368     2.4896     4.9497    215.248  0.000e+00
     25.530    20.9514    38.2371     2.4896     4.9494    215.234  0.000e+00
     25.530    20.9517    38.2370     2.4896     4.9490    215.219  0.000e+00
     25.574    20.9519    38.2365     2.4896     4.9487    215.205  0.000e+00
     25.530    20.9524    38.2365     2.4896     4.9483    215.187  0.000e+00
     25.472    20.9523    38.2365     2.4896     4.9479    215.170  0.000e+00
     25.733    20.9524    38.2360     2.4896     4.9477    215.162  0.000e+00
     25.581    20.9521    38.2365     2.4909     4.9506    215.285  0.000e+00
     25.624    20.9525    38.2368     2.4896     4.9473    215.143  0.000e+00
     25.632    20.9528    38.2371     2.4896     4.9469    215.125  0.000e+00
     25.631    20.9528    38.2371     2.4896     4.9465    215.107  0.000e+00
     25.624    20.9528    38.2368     2.4896     4.9461    215.090  0.000e+00
     25.690    20.9523    38.2371     2.4896     4.9457    215.075  0.000e+00
     25.631    20.9530    38.2369     2.4896     4.9454    215.062  0.000e+00
     25.675    20.9531    38.2368     2.4896     4.9452    215.054  0.000e+00
     25.689    20.9534    38.2363     2.4896     4.9450    215.045  0.000e+00
     25.740    20.9529    38.2365     2.4896     4.9449    215.039  0.000e+00
     25.733    20.9530    38.2366     2.4896     4.9447    215.029  0.000e+00
     25.740    20.9531    38.2369     2.4896     4.9445    215.019  0.000e+00
     25.740    20.9530    38.2371     2.4896     4.9443    215.011  0.000e+00
     25.784    20.9528    38.2360     2.4896     4.9444    215.015  0.000e+00
     25.740    20.9508    38.2349     2.4896     4.9446    215.025  0.000e+00
     25.849    20.9479    38.2350     2.4896     4.9447    215.031  0.000e+00
     25.784    20.9468    38.2355     2.4896     4.9446    215.025  0.000e+00
     25.849    20.9458    38.2361     2.4896     4.9445    215.021  0.000e+00
     25.740    20.9449    38.2364     2.4896     4.9446    215.023  0.000e+00
     25.943    20.9446    38.2363     2.4896     4.9447    215.032  0.000e+00
     25.900    20.9446    38.2368     2.4896     4.9448    215.032  0.000e+00
     25.892    20.9447    38.2365     2.4909     4.9481    215.178  0.000e+00
     25.900    20.9443    38.2369     2.4909     4.9484    215.191  0.000e+00
     25.950    20.9443    38.2369     2.4909     4.9487    215.204  0.000e+00
     25.943    20.9448    38.2367     2.4909     4.9490    215.214  0.000e+00
     26.008    20.9452    38.2364     2.4909     4.9492    215.227  0.000e+00
     26.008    20.9451    38.2373     2.4909     4.9495    215.238  0.000e+00
     26.052    20.9466    38.2382     2.4909     4.9496    215.244  0.000e+00
