Data/2022/Day1/ctds/ST3_D1.cnv
* Sea-Bird SBE 9 Data File:
* FileName = C:\CTD\Mir-MER\ST3_D1.hex
* Software Version Seasave V 7.26.7.121
* Temperature SN = 0809
* Conductivity SN = 3159
* Number of Bytes Per Scan = 24
* Number of Voltage Words = 4
* Number of Scans Averaged by the Deck Unit = 1
** Ship: antedon
** Station: ST
** Operator: me and myself
# nquan = 7
# nvalues = 5229                                  
# units = specified
# name 0 = prDM: Pressure, Digiquartz [db]
# name 1 = t090C: Temperature [ITS-90, deg C]
# name 2 = sal00: Salinity, Practical [PSU]
# name 3 = sbeox0V: Oxygen raw, SBE 43 [V]
# name 4 = sbeox0ML/L: Oxygen, SBE 43 [ml/l]
# name 5 = sbox0Mm/Kg: Oxygen, SBE 43 [umol/kg]
# name 6 = flag:  0.000e+00
# span 0 =     -0.850,     51.244                 
# span 1 =    18.5878,    21.2662                 
# span 2 =    37.9180,    38.2906                 
# span 3 =     2.3444,     2.5263                 
# span 4 =     4.3853,     5.2024                 
# span 5 =    190.717,    226.115                 
# span 6 = 0.0000e+00, 0.0000e+00                 
# interval = seconds: 0.0416667
# start_time = Oct 11 2022 11:25:45 [System UTC, header]
# bad_flag = -9.990e-29
*END*
[from data line 1847]
     37.670    20.1953    38.2213     2.5104     5.0905    221.329  0.000e+00
     37.648    20.1951    38.2212     2.5104     5.0904    221.322  0.000e+00
     37.670    20.1953    38.2211     2.5104     5.0901    221.313  0.000e+00
     37.699    20.1952    38.2213     2.5104     5.0899    221.302  0.000e+00
     37.648    20.1950    38.2216     2.5104     5.0896    221.287  0.000e+00
     37.720    20.1952    38.2213     2.5104     5.0894    221.282  0.000e+00
     37.699    20.1948    38.2217     2.5104     5.0892    221.274  0.000e+00
     37.699    20.1952    38.2215     2.5116     5.0921    221.397  0.000e+00
     37.720    20.1952    38.2217     2.5104     5.0887    221.248  0.000e+00
     37.699    20.1951    38.2216     2.5104     5.0883    221.233  0.000e+00
     37.757    20.1953    38.2212     2.5116     5.0913    221.362  0.000e+00
     37.771    20.1952    38.2215     2.5116     5.0913    221.362  0.000e+00
     37.699    20.1951    38.2216     2.5104     5.0879    221.213  0.000e+00
     37.771    20.1955    38.2211     2.5116     5.0909    221.346  0.000e+00
     37.757    20.1954    38.2211     2.5116     5.0908    221.340  0.000e+00
     37.807    20.1955    38.2213     2.5116     5.0906    221.333  0.000e+00
     37.771    20.1954    38.2212     2.5116     5.0904    221.323  0.000e+00
     37.807    20.1955    38.2211     2.5116     5.0901    221.312  0.000e+00
     37.807    20.1952    38.2212     2.5116     5.0898    221.299  0.000e+00
     37.829    20.1953    38.2214     2.5116     5.0897    221.293  0.000e+00
     37.807    20.1954    38.2212     2.5116     5.0895    221.285  0.000e+00
     37.880    20.1955    38.2215     2.5116     5.0893    221.277  0.000e+00
     37.858    20.1960    38.2218     2.5116     5.0890    221.264  0.000e+00
     37.858    20.1967    38.2219     2.5116     5.0887    221.248  0.000e+00
     37.880    20.1972    38.2214     2.5116     5.0883    221.234  0.000e+00
     37.916    20.1972    38.2215     2.5128     5.0913    221.365  0.000e+00
     37.916    20.1979    38.2212     2.5128     5.0911    221.354  0.000e+00
     37.931    20.1981    38.2214     2.5128     5.0911    221.354  0.000e+00
     37.967    20.1984    38.2212     2.5116     5.0877    221.207  0.000e+00
     37.967    20.1986    38.2213     2.5128     5.0908    221.340  0.000e+00
     37.989    20.1986    38.2209     2.5128     5.0907    221.337  0.000e+00
     38.018    20.1984    38.2213     2.5128     5.0906    221.332  0.000e+00
     38.039    20.1988    38.2210     2.5128     5.0904    221.324  0.000e+00
     38.076    20.1984    38.2209     2.5128     5.0905    221.328  0.000e+00
     38.076    20.1984    38.2208     2.5128     5.0905    221.328  0.000e+00
     38.090    20.1983    38.2206     2.5116     5.0871    221.183  0.000e+00
     38.127    20.1980    38.2207     2.5128     5.0903    221.318  0.000e+00
     38.127    20.1979    38.2197     2.5128     5.0902    221.317  0.000e+00
     38.148    20.1968    38.2199     2.5128     5.0902    221.317  0.000e+00
     38.235    20.1962    38.2191     2.5128     5.0903    221.318  0.000e+00
     38.177    20.1938    38.2166     2.5128     5.0904    221.323  0.000e+00
     38.250    20.1898    38.2153     2.5128     5.0907    221.335  0.000e+00
     38.235    20.1856    38.2160     2.5141     5.0942    221.487  0.000e+00
     38.148    20.1835    38.2171     2.5128     5.0911    221.356  0.000e+00
     38.446    20.1834    38.2189     2.5128     5.0912    221.360  0.000e+00
     38.337    20.1860    38.2206     2.5128     5.0908    221.341  0.000e+00
     38.359    20.1885    38.2222     2.5128     5.0905    221.326  0.000e+00
     38.337    20.1916    38.2220     2.5141     5.0934    221.454  0.000e+00
     38.395    20.1932    38.2210     2.5141     5.0934    221.455  0.000e+00
     38.468    20.1938    38.2210     2.5141     5.0935    221.458  0.000e+00
     38.446    20.1941    38.2207     2.5141     5.0935    221.458  0.000e+00
     38.446    20.1944    38.2204     2.5141     5.0935    221.459  0.000e+00
     38.519    20.1941    38.2208     2.5141     5.0935    221.460  0.000e+00
     38.497    20.1944    38.2207     2.5141     5.0935    221.457  0.000e+00
     38.497    20.1941    38.2207     2.5141     5.0934    221.456  0.000e+00
     38.569    20.1942    38.2202     2.5141     5.0934    221.454  0.000e+00
     38.606    20.1939    38.2203     2.5153     5.0969    221.606  0.000e+00
     38.555    20.1942    38.2204     2.5153     5.0969    221.607  0.000e+00
     38.627    20.1939    38.2209     2.5153     5.0970    221.611  0.000e+00
     38.656    20.1940    38.2212     2.5153     5.0972    221.621  0.000e+00
     38.656    20.1939    38.2208     2.5153     5.0975    221.631  0.000e+00
     38.729    20.1940    38.2208     2.5153     5.0974    221.630  0.000e+00
     38.656    20.1939    38.2208     2.5141     5.0942    221.489  0.000e+00
     38.729    20.1940    38.2205     2.5141     5.0941    221.487  0.000e+00
     38.765    20.1938    38.2205     2.5153     5.0974    221.629  0.000e+00
     38.765    20.1935    38.2212     2.5153     5.0975    221.632  0.000e+00
     38.787    20.1939    38.2210     2.5153     5.0975    221.634  0.000e+00
     38.765    20.1942    38.2205     2.5153     5.0975    221.633  0.000e+00
     38.816    20.1939    38.2209     2.5141     5.0942    221.489  0.000e+00
     38.838    20.1944    38.2208     2.5153     5.0973    221.623  0.000e+00
     38.874    20.1942    38.2216     2.5153     5.0972    221.621  0.000e+00
     38.925    20.1944    38.2210     2.5153     5.0972    221.618  0.000e+00
     38.889    20.1940    38.2204     2.5153     5.0971    221.615  0.000e+00
     38.925    20.1939    38.2204     2.5153     5.0970    221.610  0.000e+00
     38.925    20.1937    38.2203     2.5141     5.0937    221.469  0.000e+00
     38.998    20.1931    38.2211     2.5141     5.0936    221.465  0.000e+00
     38.976    20.1935    38.2217     2.5141     5.0934    221.454  0.000e+00
     38.976    20.1939    38.2203     2.5141     5.0930    221.436  0.000e+00
     38.997    20.1930    38.2201     2.5141     5.0929    221.431  0.000e+00
     39.085    20.1922    38.2199     2.5141     5.0928    221.428  0.000e+00
     39.034    20.1909    38.2205     2.5141     5.0926    221.421  0.000e+00
     39.106    20.1904    38.2197     2.5153     5.0959    221.562  0.000e+00
     39.085    20.1902    38.2198     2.5141     5.0925    221.415  0.000e+00
     39.135    20.1899    38.2209     2.5141     5.0923    221.405  0.000e+00
     39.157    20.1909    38.2209     2.5141     5.0917    221.379  0.000e+00
     39.135    20.1912    38.2203     2.5141     5.0914    221.366  0.000e+00
     39.194    20.1905    38.2199     2.5141     5.0912    221.358  0.000e+00
     39.208    20.1896    38.2193     2.5141     5.0910    221.349  0.000e+00
     39.244    20.1884    38.2202     2.5141     5.0908    221.340  0.000e+00
     39.244    20.1881    38.2207     2.5141     5.0905    221.326  0.000e+00
     39.266    20.1882    38.2206     2.5141     5.0901    221.312  0.000e+00
     39.295    20.1890    38.2212     2.5141     5.0899    221.304  0.000e+00
     39.346    20.1898    38.2212     2.5141     5.0896    221.287  0.000e+00
     39.317    20.1904    38.2197     2.5141     5.0892    221.270  0.000e+00
     39.404    20.1884    38.2187     2.5141     5.0891    221.266  0.000e+00
     39.346    20.1851    38.2184     2.5153     5.0923    221.408  0.000e+00
     39.426    20.1852    38.2204     2.5141     5.0890    221.264  0.000e+00
     39.455    20.1886    38.2213     2.5141     5.0885    221.242  0.000e+00
     39.455    20.1904    38.2206     2.5141     5.0882    221.229  0.000e+00
     39.477    20.1890    38.2195     2.5141     5.0882    221.230  0.000e+00
     39.455    20.1877    38.2196     2.5141     5.0882    221.227  0.000e+00
     39.506    20.1868    38.2201     2.5153     5.0915    221.371  0.000e+00
     39.528    20.1863    38.2209     2.5153     5.0916    221.375  0.000e+00
     39.564    20.1868    38.2217     2.5153     5.0916    221.374  0.000e+00
     39.564    20.1881    38.2204     2.5141     5.0882    221.227  0.000e+00
     39.586    20.1878    38.2202     2.5141     5.0883    221.231  0.000e+00
     39.615    20.1877    38.2213     2.5153     5.0917    221.379  0.000e+00
     39.665    20.1887    38.2196     2.5153     5.0919    221.391  0.000e+00
     39.636    20.1868    38.2177     2.5153     5.0924    221.413  0.000e+00
     39.615    20.1826    38.2175     2.5153     5.0931    221.442  0.000e+00
     39.665    20.1788    38.2170     2.5141     5.0905    221.327  0.000e+00
     39.687    20.1752    38.2187     2.5141     5.0906    221.333  0.000e+00
     39.665    20.1732    38.2200     2.5153     5.0939    221.476  0.000e+00
     39.724    20.1718    38.2206     2.5153     5.0944    221.495  0.000e+00
     39.687    20.1701    38.2201     2.5153     5.0948    221.514  0.000e+00
     39.774    20.1683    38.2203     2.5153     5.0953    221.536  0.000e+00
     39.723    20.1676    38.2209     2.5165     5.0990    221.695  0.000e+00
     39.738    20.1669    38.2214     2.5165     5.0993    221.709  0.000e+00
     39.774    20.1667    38.2209     2.5165     5.0998    221.732  0.000e+00
     39.774    20.1662    38.2201     2.5165     5.1004    221.756  0.000e+00
     39.738    20.1647    38.2201     2.5165     5.1010    221.781  0.000e+00
     39.774    20.1636    38.2199     2.5165     5.1016    221.807  0.000e+00
     39.825    20.1613    38.2211     2.5165     5.1022    221.835  0.000e+00
     39.796    20.1603    38.2205     2.5165     5.1025    221.848  0.000e+00
     39.825    20.1592    38.2205     2.5165     5.1028    221.861  0.000e+00
     39.774    20.1580    38.2206     2.5165     5.1030    221.872  0.000e+00
     39.883    20.1571    38.2204     2.5165     5.1034    221.885  0.000e+00
     39.847    20.1564    38.2215     2.5165     5.1035    221.891  0.000e+00
     39.825    20.1564    38.2212     2.5177     5.1069    222.041  0.000e+00
     39.883    20.1563    38.2206     2.5177     5.1073    222.057  0.000e+00
     39.847    20.1563    38.2209     2.5165     5.1044    221.932  0.000e+00
     39.934    20.1563    38.2206     2.5165     5.1045    221.936  0.000e+00
     39.883    20.1560    38.2199     2.5165     5.1046    221.938  0.000e+00
     39.898    20.1556    38.2194     2.5165     5.1046    221.941  0.000e+00
     39.934    20.1547    38.2193     2.5165     5.1047    221.945  0.000e+00
     39.934    20.1542    38.2188     2.5165     5.1047    221.946  0.000e+00
     39.956    20.1540    38.2188     2.5165     5.1047    221.945  0.000e+00
     39.985    20.1534    38.2188     2.5165     5.1047    221.945  0.000e+00
     39.985    20.1528    38.2196     2.5177     5.1080    222.088  0.000e+00
     40.007    20.1524    38.2195     2.5177     5.1082    222.095  0.000e+00
     40.094    20.1520    38.2190     2.5165     5.1050    221.957  0.000e+00
     40.043    20.1516    38.2192     2.5177     5.1082    222.095  0.000e+00
     40.057    20.1505    38.2185     2.5177     5.1084    222.103  0.000e+00
     40.094    20.1492    38.2184     2.5177     5.1085    222.109  0.000e+00
     40.145    20.1480    38.2186     2.5165     5.1055    221.978  0.000e+00
     40.166    20.1466    38.2189     2.5177     5.1087    222.119  0.000e+00
     40.145    20.1452    38.2191     2.5177     5.1088    222.121  0.000e+00
     40.203    20.1446    38.2194     2.5177     5.1088    222.121  0.000e+00
     40.253    20.1438    38.2194     2.5177     5.1088    222.120  0.000e+00
     40.275    20.1426    38.2174     2.5177     5.1088    222.122  0.000e+00
     40.304    20.1381    38.2167     2.5177     5.1093    222.145  0.000e+00
     40.304    20.1337    38.2172     2.5177     5.1098    222.164  0.000e+00
     40.377    20.1309    38.2175     2.5177     5.1101    222.178  0.000e+00
     40.413    20.1292    38.2179     2.5177     5.1101    222.176  0.000e+00
     40.413    20.1279    38.2180     2.5177     5.1099    222.169  0.000e+00
     40.435    20.1267    38.2188     2.5177     5.1100    222.171  0.000e+00
     40.522    20.1260    38.2187     2.5177     5.1100    222.173  0.000e+00
     40.573    20.1248    38.2186     2.5177     5.1101    222.176  0.000e+00
     40.595    20.1230    38.2178     2.5177     5.1102    222.180  0.000e+00
     40.573    20.1202    38.2173     2.5189     5.1134    222.322  0.000e+00
     40.682    20.1173    38.2174     2.5177     5.1103    222.183  0.000e+00
     40.682    20.1140    38.2177     2.5189     5.1137    222.334  0.000e+00
     40.755    20.1107    38.2169     2.5189     5.1141    222.351  0.000e+00
     40.733    20.1070    38.2176     2.5189     5.1144    222.363  0.000e+00
     40.784    20.1042    38.2177     2.5189     5.1147    222.374  0.000e+00
     40.856    20.1023    38.2177     2.5177     5.1117    222.244  0.000e+00
     40.842    20.1003    38.2183     2.5189     5.1151    222.393  0.000e+00
     40.943    20.0982    38.2182     2.5189     5.1155    222.411  0.000e+00
     40.914    20.0963    38.2184     2.5189     5.1158    222.422  0.000e+00
     40.943    20.0951    38.2178     2.5177     5.1127    222.286  0.000e+00
     41.002    20.0934    38.2186     2.5177     5.1127    222.288  0.000e+00
     41.052    20.0922    38.2188     2.5177     5.1127    222.287  0.000e+00
     41.074    20.0913    38.2187     2.5177     5.1126    222.284  0.000e+00
     41.052    20.0900    38.2170     2.5177     5.1126    222.283  0.000e+00
     41.161    20.0867    38.2174     2.5177     5.1128    222.291  0.000e+00
     41.125    20.0842    38.2175     2.5177     5.1128    222.292  0.000e+00
     41.161    20.0820    38.2174     2.5177     5.1128    222.293  0.000e+00
     41.161    20.0799    38.2173     2.5177     5.1131    222.303  0.000e+00
     41.074    20.0778    38.2172     2.5177     5.1132    222.310  0.000e+00
     41.314    20.0750    38.2178     2.5165     5.1101    222.172  0.000e+00
     41.263    20.0728    38.2186     2.5177     5.1131    222.305  0.000e+00
     41.212    20.0717    38.2185     2.5177     5.1130    222.299  0.000e+00
     41.285    20.0709    38.2189     2.5165     5.1095    222.147  0.000e+00
     41.263    20.0707    38.2186     2.5165     5.1090    222.128  0.000e+00
     41.263    20.0702    38.2194     2.5165     5.1086    222.108  0.000e+00
     41.285    20.0700    38.2202     2.5165     5.1081    222.088  0.000e+00
     41.314    20.0698    38.2206     2.5165     5.1077    222.069  0.000e+00
     41.314    20.0693    38.2213     2.5177     5.1109    222.207  0.000e+00
     41.314    20.0693    38.2220     2.5177     5.1109    222.205  0.000e+00
     41.335    20.0687    38.2237     2.5165     5.1073    222.049  0.000e+00
     41.372    20.0703    38.2234     2.5165     5.1069    222.034  0.000e+00
     41.314    20.0722    38.2226     2.5165     5.1065    222.017  0.000e+00
     41.335    20.0740    38.2225     2.5165     5.1061    222.001  0.000e+00
     41.372    20.0758    38.2211     2.5165     5.1056    221.978  0.000e+00
     41.372    20.0758    38.2215     2.5165     5.1054    221.968  0.000e+00
     41.372    20.0766    38.2255     2.5165     5.1050    221.951  0.000e+00
     41.394    20.0829    38.2248     2.5165     5.1042    221.918  0.000e+00
     41.372    20.0892    38.2211     2.5165     5.1036    221.890  0.000e+00
     41.372    20.0892    38.2195     2.5177     5.1068    222.031  0.000e+00
     41.394    20.0887    38.2177     2.5177     5.1070    222.039  0.000e+00
     41.372    20.0878    38.2147     2.5165     5.1039    221.904  0.000e+00
     41.423    20.0874    38.2115     2.5177     5.1072    222.051  0.000e+00
     41.372    20.0836    38.2121     2.5165     5.1043    221.922  0.000e+00
     41.393    20.0794    38.2138     2.5165     5.1045    221.931  0.000e+00
