Data/2022/Day1/ctds/ST3_D1.cnv
* Sea-Bird SBE 9 Data File:
* FileName = C:\CTD\Mir-MER\ST3_D1.hex
* Software Version Seasave V 7.26.7.121
* Temperature SN = 0809
* Conductivity SN = 3159
* Number of Bytes Per Scan = 24
* Number of Voltage Words = 4
* Number of Scans Averaged by the Deck Unit = 1
** Ship: antedon
** Station: ST
** Operator: me and myself
# nquan = 7
# nvalues = 5229                                  
# units = specified
# name 0 = prDM: Pressure, Digiquartz [db]
# name 1 = t090C: Temperature [ITS-90, deg C]
# name 2 = sal00: Salinity, Practical [PSU]
# name 3 = sbeox0V: Oxygen raw, SBE 43 [V]
# name 4 = sbeox0ML/L: Oxygen, SBE 43 [ml/l]
# name 5 = sbox0Mm/Kg: Oxygen, SBE 43 [umol/kg]
# name 6 = flag:  0.000e+00
# span 0 =     -0.850,     51.244                 
# span 1 =    18.5878,    21.2662                 
# span 2 =    37.9180,    38.2906                 
# span 3 =     2.3444,     2.5263                 
# span 4 =     4.3853,     5.2024                 
# span 5 =    190.717,    226.115                 
# span 6 = 0.0000e+00, 0.0000e+00                 
# interval = seconds: 0.0416667
# start_time = Oct 11 2022 11:25:45 [System UTC, header]
# bad_flag = -9.990e-29
*END*
[from data line 2257]
     45.414    19.6632    38.2033     2.5153     5.1481    223.803  0.000e+00
     45.385    19.6572    38.2035     2.5153     5.1485    223.823  0.000e+00
     45.414    19.6528    38.2029     2.5153     5.1489    223.839  0.000e+00
     45.465    19.6482    38.2038     2.5153     5.1493    223.855  0.000e+00
     45.465    19.6432    38.2049     2.5153     5.1497    223.871  0.000e+00
     45.516    19.6383    38.2059     2.5165     5.1535    224.036  0.000e+00
     45.545    19.6342    38.2070     2.5165     5.1538    224.049  0.000e+00
     45.516    19.6305    38.2082     2.5153     5.1506    223.911  0.000e+00
     45.625    19.6272    38.2088     2.5153     5.1509    223.924  0.000e+00
     45.574    19.6249    38.2089     2.5141     5.1476    223.781  0.000e+00
     45.676    19.6225    38.2087     2.5141     5.1477    223.782  0.000e+00
     45.596    19.6202    38.2088     2.5153     5.1510    223.926  0.000e+00
     45.734    19.6182    38.2085     2.5141     5.1478    223.790  0.000e+00
     45.734    19.6150    38.2082     2.5141     5.1477    223.783  0.000e+00
     45.734    19.6115    38.2084     2.5141     5.1478    223.788  0.000e+00
     45.785    19.6092    38.2077     2.5141     5.1479    223.791  0.000e+00
     45.785    19.6068    38.2080     2.5141     5.1477    223.782  0.000e+00
     45.864    19.6046    38.2084     2.5141     5.1478    223.785  0.000e+00
     45.886    19.6019    38.2075     2.5141     5.1479    223.792  0.000e+00
     45.886    19.5983    38.2071     2.5141     5.1481    223.802  0.000e+00
     45.944    19.5951    38.2069     2.5141     5.1484    223.812  0.000e+00
     45.944    19.5905    38.2045     2.5141     5.1486    223.820  0.000e+00
     45.966    19.5800    38.2044     2.5141     5.1493    223.851  0.000e+00
     46.046    19.5704    38.2060     2.5141     5.1501    223.888  0.000e+00
     46.046    19.5651    38.2067     2.5141     5.1504    223.896  0.000e+00
     46.104    19.5612    38.2068     2.5141     5.1505    223.901  0.000e+00
     46.104    19.5583    38.2071     2.5141     5.1507    223.911  0.000e+00
     46.075    19.5560    38.2076     2.5141     5.1509    223.918  0.000e+00
     46.264    19.5546    38.2082     2.5141     5.1511    223.929  0.000e+00
     46.155    19.5532    38.2074     2.5141     5.1512    223.933  0.000e+00
     46.264    19.5511    38.2071     2.5141     5.1516    223.948  0.000e+00
     46.206    19.5489    38.2072     2.5141     5.1518    223.958  0.000e+00
     46.314    19.5463    38.2064     2.5141     5.1522    223.976  0.000e+00
     46.285    19.5431    38.2057     2.5141     5.1524    223.984  0.000e+00
     46.314    19.5409    38.2058     2.5141     5.1525    223.988  0.000e+00
     46.314    19.5378    38.2025     2.5141     5.1530    224.011  0.000e+00
     46.423    19.5259    38.1966     2.5141     5.1546    224.079  0.000e+00
     46.365    19.5099    38.1949     2.5141     5.1563    224.155  0.000e+00
     46.365    19.4982    38.1964     2.5141     5.1576    224.210  0.000e+00
     46.394    19.4876    38.1994     2.5141     5.1588    224.260  0.000e+00
     46.474    19.4782    38.2009     2.5141     5.1599    224.309  0.000e+00
     46.423    19.4700    38.2025     2.5141     5.1609    224.350  0.000e+00
     46.474    19.4640    38.2032     2.5141     5.1615    224.377  0.000e+00
     46.474    19.4588    38.2038     2.5141     5.1623    224.409  0.000e+00
     46.474    19.4540    38.2047     2.5141     5.1628    224.430  0.000e+00
     46.554    19.4494    38.2056     2.5153     5.1670    224.612  0.000e+00
     46.525    19.4450    38.2065     2.5153     5.1679    224.652  0.000e+00
     46.525    19.4425    38.2049     2.5153     5.1687    224.689  0.000e+00
     46.525    19.4399    38.2044     2.5153     5.1696    224.725  0.000e+00
     46.583    19.4374    38.2036     2.5141     5.1668    224.605  0.000e+00
     46.554    19.4351    38.2030     2.5153     5.1706    224.767  0.000e+00
     46.583    19.4323    38.2031     2.5153     5.1712    224.795  0.000e+00
     46.583    19.4293    38.2036     2.5153     5.1718    224.821  0.000e+00
     46.634    19.4267    38.2037     2.5165     5.1758    224.997  0.000e+00
     46.583    19.4241    38.2032     2.5153     5.1735    224.894  0.000e+00
     46.634    19.4207    38.2041     2.5153     5.1744    224.934  0.000e+00
     46.655    19.4185    38.2043     2.5153     5.1750    224.959  0.000e+00
     46.684    19.4166    38.2048     2.5153     5.1755    224.982  0.000e+00
     46.684    19.4158    38.2043     2.5141     5.1723    224.842  0.000e+00
     46.684    19.4143    38.2041     2.5141     5.1723    224.843  0.000e+00
     46.684    19.4126    38.2046     2.5141     5.1726    224.854  0.000e+00
     46.742    19.4118    38.2036     2.5141     5.1726    224.855  0.000e+00
     46.713    19.4100    38.2034     2.5141     5.1726    224.857  0.000e+00
     46.793    19.4079    38.2028     2.5141     5.1728    224.863  0.000e+00
     46.793    19.4044    38.2031     2.5141     5.1730    224.872  0.000e+00
     46.793    19.3999    38.2035     2.5141     5.1733    224.885  0.000e+00
     46.793    19.3971    38.2028     2.5141     5.1735    224.892  0.000e+00
     46.844    19.3945    38.2027     2.5141     5.1736    224.899  0.000e+00
     46.873    19.3917    38.2024     2.5128     5.1704    224.759  0.000e+00
     46.902    19.3884    38.2025     2.5128     5.1704    224.758  0.000e+00
     46.902    19.3846    38.2026     2.5141     5.1738    224.907  0.000e+00
     46.902    19.3809    38.2023     2.5141     5.1741    224.919  0.000e+00
     46.953    19.3761    38.2012     2.5128     5.1711    224.789  0.000e+00
     47.004    19.3703    38.1998     2.5128     5.1714    224.803  0.000e+00
     47.033    19.3639    38.1988     2.5128     5.1718    224.818  0.000e+00
     47.004    19.3562    38.2006     2.5128     5.1722    224.833  0.000e+00
     47.113    19.3514    38.2006     2.5128     5.1724    224.844  0.000e+00
     47.062    19.3461    38.2013     2.5128     5.1726    224.851  0.000e+00
     47.163    19.3416    38.2025     2.5128     5.1728    224.858  0.000e+00
     47.163    19.3382    38.2024     2.5128     5.1728    224.861  0.000e+00
     47.163    19.3347    38.2033     2.5128     5.1729    224.863  0.000e+00
     47.192    19.3314    38.2034     2.5128     5.1730    224.866  0.000e+00
     47.272    19.3290    38.2037     2.5116     5.1696    224.719  0.000e+00
     47.272    19.3272    38.2039     2.5116     5.1693    224.706  0.000e+00
     47.323    19.3260    38.2038     2.5128     5.1724    224.842  0.000e+00
     47.323    19.3246    38.2040     2.5128     5.1723    224.839  0.000e+00
     47.381    19.3239    38.2037     2.5116     5.1689    224.687  0.000e+00
     47.403    19.3229    38.2039     2.5116     5.1686    224.674  0.000e+00
     47.432    19.3227    38.2039     2.5116     5.1682    224.658  0.000e+00
     47.432    19.3224    38.2038     2.5116     5.1679    224.644  0.000e+00
     47.541    19.3220    38.2039     2.5116     5.1676    224.633  0.000e+00
     47.541    19.3215    38.2037     2.5116     5.1673    224.621  0.000e+00
     47.541    19.3206    38.2027     2.5116     5.1672    224.613  0.000e+00
     47.592    19.3189    38.2030     2.5104     5.1636    224.460  0.000e+00
     47.613    19.3168    38.2027     2.5104     5.1636    224.459  0.000e+00
     47.591    19.3148    38.2022     2.5104     5.1636    224.459  0.000e+00
     47.700    19.3126    38.2026     2.5104     5.1637    224.463  0.000e+00
     47.700    19.3111    38.2020     2.5104     5.1638    224.465  0.000e+00
     47.751    19.3097    38.2027     2.5104     5.1636    224.457  0.000e+00
     47.700    19.3090    38.2030     2.5092     5.1601    224.306  0.000e+00
     47.802    19.3081    38.2024     2.5092     5.1600    224.303  0.000e+00
     47.773    19.3072    38.2025     2.5092     5.1599    224.297  0.000e+00
     47.802    19.3064    38.2022     2.5092     5.1601    224.306  0.000e+00
     47.860    19.3055    38.2022     2.5092     5.1601    224.308  0.000e+00
     47.860    19.3048    38.2024     2.5092     5.1602    224.309  0.000e+00
     47.911    19.3038    38.2024     2.5092     5.1603    224.314  0.000e+00
     47.860    19.3036    38.2022     2.5092     5.1604    224.317  0.000e+00
     47.962    19.3029    38.2028     2.5080     5.1569    224.167  0.000e+00
     47.933    19.3027    38.2023     2.5080     5.1566    224.153  0.000e+00
     47.962    19.3024    38.2026     2.5080     5.1564    224.143  0.000e+00
     47.962    19.3021    38.2029     2.5080     5.1562    224.134  0.000e+00
     47.962    19.3014    38.2025     2.5080     5.1561    224.130  0.000e+00
     48.020    19.3006    38.2031     2.5080     5.1560    224.128  0.000e+00
     48.020    19.3005    38.2033     2.5080     5.1559    224.125  0.000e+00
     48.020    19.3002    38.2029     2.5080     5.1560    224.126  0.000e+00
     48.041    19.2998    38.2027     2.5080     5.1560    224.129  0.000e+00
     48.070    19.2996    38.2034     2.5080     5.1561    224.132  0.000e+00
     48.070    19.2989    38.2042     2.5080     5.1560    224.128  0.000e+00
     48.020    19.2986    38.2050     2.5080     5.1559    224.123  0.000e+00
     48.070    19.2996    38.2070     2.5080     5.1560    224.126  0.000e+00
     48.070    19.3038    38.2056     2.5080     5.1559    224.121  0.000e+00
     48.121    19.3091    38.2032     2.5080     5.1555    224.106  0.000e+00
     48.041    19.3166    38.1989     2.5067     5.1515    223.933  0.000e+00
     48.121    19.3222    38.1968     2.5080     5.1544    224.060  0.000e+00
     48.070    19.3248    38.1963     2.5080     5.1543    224.056  0.000e+00
     48.121    19.3258    38.1962     2.5080     5.1545    224.062  0.000e+00
     48.121    19.3246    38.1973     2.5080     5.1548    224.077  0.000e+00
     48.121    19.3232    38.1982     2.5080     5.1552    224.095  0.000e+00
     48.121    19.3210    38.1994     2.5080     5.1557    224.117  0.000e+00
     48.121    19.3180    38.2015     2.5080     5.1563    224.143  0.000e+00
     48.092    19.3158    38.2025     2.5080     5.1569    224.169  0.000e+00
     48.179    19.3159    38.2006     2.5080     5.1572    224.182  0.000e+00
     48.121    19.3151    38.1993     2.5080     5.1576    224.197  0.000e+00
     48.179    19.3109    38.2010     2.5080     5.1585    224.236  0.000e+00
     48.179    19.3091    38.2003     2.5080     5.1592    224.269  0.000e+00
     48.179    19.3083    38.1992     2.5080     5.1597    224.289  0.000e+00
     48.179    19.3061    38.2001     2.5067     5.1569    224.165  0.000e+00
     48.150    19.3053    38.2004     2.5080     5.1605    224.324  0.000e+00
     48.230    19.3052    38.2005     2.5080     5.1610    224.346  0.000e+00
     48.230    19.3043    38.1996     2.5080     5.1616    224.372  0.000e+00
     48.230    19.3026    38.1982     2.5080     5.1623    224.403  0.000e+00
     48.230    19.3003    38.1984     2.5080     5.1631    224.436  0.000e+00
     48.280    19.2984    38.1980     2.5080     5.1637    224.460  0.000e+00
     48.230    19.2963    38.1987     2.5080     5.1641    224.482  0.000e+00
     48.280    19.2941    38.1989     2.5080     5.1648    224.508  0.000e+00
     48.360    19.2927    38.1992     2.5080     5.1653    224.532  0.000e+00
     48.331    19.2915    38.1992     2.5080     5.1658    224.554  0.000e+00
     48.331    19.2906    38.1995     2.5080     5.1663    224.575  0.000e+00
     48.389    19.2897    38.1998     2.5080     5.1666    224.588  0.000e+00
     48.389    19.2888    38.1991     2.5080     5.1669    224.602  0.000e+00
     48.440    19.2880    38.1987     2.5080     5.1673    224.617  0.000e+00
     48.440    19.2869    38.1994     2.5080     5.1676    224.630  0.000e+00
     48.469    19.2854    38.1993     2.5080     5.1680    224.647  0.000e+00
     48.491    19.2833    38.1990     2.5080     5.1685    224.668  0.000e+00
     48.549    19.2812    38.1992     2.5080     5.1689    224.689  0.000e+00
     48.549    19.2789    38.1998     2.5080     5.1694    224.709  0.000e+00
     48.600    19.2774    38.2000     2.5080     5.1696    224.718  0.000e+00
     48.600    19.2764    38.1998     2.5080     5.1697    224.723  0.000e+00
     48.650    19.2751    38.2005     2.5080     5.1699    224.730  0.000e+00
     48.709    19.2745    38.1997     2.5080     5.1700    224.736  0.000e+00
     48.679    19.2736    38.1998     2.5080     5.1701    224.740  0.000e+00
     48.759    19.2729    38.1997     2.5080     5.1703    224.746  0.000e+00
     48.759    19.2724    38.1997     2.5080     5.1703    224.749  0.000e+00
     48.810    19.2717    38.1999     2.5080     5.1705    224.754  0.000e+00
     48.810    19.2707    38.1993     2.5080     5.1706    224.760  0.000e+00
     48.868    19.2696    38.1991     2.5080     5.1708    224.768  0.000e+00
     48.868    19.2677    38.1990     2.5080     5.1710    224.777  0.000e+00
     48.919    19.2651    38.1983     2.5067     5.1679    224.642  0.000e+00
     48.970    19.2620    38.1985     2.5080     5.1714    224.797  0.000e+00
     48.948    19.2594    38.1983     2.5067     5.1683    224.660  0.000e+00
     48.970    19.2562    38.1981     2.5067     5.1684    224.665  0.000e+00
     49.028    19.2531    38.1982     2.5067     5.1683    224.661  0.000e+00
     49.079    19.2493    38.1976     2.5067     5.1686    224.671  0.000e+00
     49.079    19.2436    38.1965     2.5067     5.1690    224.690  0.000e+00
     49.129    19.2376    38.1967     2.5067     5.1694    224.709  0.000e+00
     49.129    19.2332    38.1974     2.5067     5.1697    224.720  0.000e+00
     49.188    19.2298    38.1974     2.5067     5.1699    224.729  0.000e+00
     49.158    19.2257    38.1976     2.5067     5.1702    224.740  0.000e+00
     49.238    19.2219    38.1978     2.5067     5.1705    224.752  0.000e+00
     49.238    19.2180    38.1973     2.5067     5.1708    224.765  0.000e+00
     49.289    19.2140    38.1960     2.5067     5.1711    224.780  0.000e+00
     49.289    19.2087    38.1958     2.5067     5.1715    224.799  0.000e+00
     49.347    19.2038    38.1952     2.5067     5.1720    224.818  0.000e+00
     49.347    19.1991    38.1949     2.5067     5.1724    224.835  0.000e+00
     49.347    19.1945    38.1962     2.5067     5.1727    224.850  0.000e+00
     49.449    19.1910    38.1969     2.5055     5.1694    224.704  0.000e+00
     49.267    19.1880    38.1958     2.5055     5.1693    224.701  0.000e+00
     49.609    19.1823    38.1933     2.5055     5.1699    224.727  0.000e+00
     49.507    19.1697    38.1897     2.5055     5.1710    224.772  0.000e+00
     49.507    19.1529    38.1864     2.5055     5.1725    224.839  0.000e+00
     49.507    19.1323    38.1799     2.5055     5.1746    224.928  0.000e+00
     49.608    19.0965    38.1734     2.5055     5.1782    225.086  0.000e+00
     49.558    19.0544    38.1671     2.5055     5.1824    225.267  0.000e+00
     49.608    19.0114    38.1691     2.5055     5.1865    225.444  0.000e+00
     49.666    18.9764    38.1738     2.5055     5.1898    225.583  0.000e+00
     49.666    18.9519    38.1791     2.5055     5.1920    225.676  0.000e+00
     49.688    18.9310    38.1840     2.5055     5.1939    225.755  0.000e+00
     49.717    18.9128    38.1878     2.5055     5.1955    225.825  0.000e+00
     49.768    18.8978    38.1889     2.5043     5.1935    225.738  0.000e+00
     49.768    18.8823    38.1872     2.5055     5.1983    225.945  0.000e+00
     49.768    18.8636    38.1901     2.5055     5.2001    226.022  0.000e+00
     49.826    18.8493    38.1937     2.5043     5.1980    225.930  0.000e+00
     49.877    18.8402    38.1943     2.5055     5.2022    226.112  0.000e+00
     49.877    18.8326    38.1951     2.5043     5.1996    225.997  0.000e+00
