Data/2022/Day1/ctds/ST3_D1.cnv
* Sea-Bird SBE 9 Data File:
* FileName = C:\CTD\Mir-MER\ST3_D1.hex
* Software Version Seasave V 7.26.7.121
* Temperature SN = 0809
* Conductivity SN = 3159
* Number of Bytes Per Scan = 24
* Number of Voltage Words = 4
* Number of Scans Averaged by the Deck Unit = 1
** Ship: antedon
** Station: ST
** Operator: me and myself
# nquan = 7
# nvalues = 5229                                  
# units = specified
# name 0 = prDM: Pressure, Digiquartz [db]
# name 1 = t090C: Temperature [ITS-90, deg C]
# name 2 = sal00: Salinity, Practical [PSU]
# name 3 = sbeox0V: Oxygen raw, SBE 43 [V]
# name 4 = sbeox0ML/L: Oxygen, SBE 43 [ml/l]
# name 5 = sbox0Mm/Kg: Oxygen, SBE 43 [umol/kg]
# name 6 = flag:  0.000e+00
# span 0 =     -0.850,     51.244                 
# span 1 =    18.5878,    21.2662                 
# span 2 =    37.9180,    38.2906                 
# span 3 =     2.3444,     2.5263                 
# span 4 =     4.3853,     5.2024                 
# span 5 =    190.717,    226.115                 
# span 6 = 0.0000e+00, 0.0000e+00                 
# interval = seconds: 0.0416667
# start_time = Oct 11 2022 11:25:45 [System UTC, header]
# bad_flag = -9.990e-29
*END*
[from data line 3077]
     49.652    18.7102    38.1832     2.4774     5.1509    223.876  0.000e+00
     49.623    18.7081    38.1849     2.4774     5.1511    223.882  0.000e+00
     49.652    18.7070    38.1864     2.4774     5.1509    223.874  0.000e+00
     49.652    18.7084    38.1861     2.4774     5.1505    223.856  0.000e+00
     49.593    18.7090    38.1852     2.4762     5.1466    223.690  0.000e+00
     49.593    18.7105    38.1826     2.4762     5.1463    223.674  0.000e+00
     49.593    18.7152    38.1766     2.4762     5.1454    223.638  0.000e+00
     49.593    18.7141    38.1779     2.4774     5.1486    223.778  0.000e+00
     49.593    18.7178    38.1772     2.4774     5.1482    223.760  0.000e+00
     49.542    18.7224    38.1748     2.4774     5.1477    223.739  0.000e+00
     49.412    18.7255    38.1751     2.4774     5.1472    223.717  0.000e+00
     49.702    18.7274    38.1767     2.4774     5.1471    223.711  0.000e+00
     49.542    18.7276    38.1772     2.4774     5.1468    223.699  0.000e+00
     49.542    18.7260    38.1769     2.4774     5.1471    223.713  0.000e+00
     49.542    18.7228    38.1788     2.4787     5.1510    223.880  0.000e+00
     49.491    18.7201    38.1816     2.4787     5.1513    223.891  0.000e+00
     49.542    18.7219    38.1812     2.4787     5.1512    223.890  0.000e+00
     49.491    18.7247    38.1796     2.4787     5.1510    223.882  0.000e+00
     49.491    18.7244    38.1802     2.4787     5.1511    223.884  0.000e+00
     49.491    18.7243    38.1818     2.4787     5.1511    223.883  0.000e+00
     49.513    18.7263    38.1817     2.4799     5.1546    224.038  0.000e+00
     49.433    18.7272    38.1819     2.4799     5.1547    224.042  0.000e+00
     49.491    18.7246    38.1832     2.4799     5.1552    224.062  0.000e+00
     49.433    18.7217    38.1835     2.4799     5.1559    224.091  0.000e+00
     49.433    18.7219    38.1826     2.4799     5.1560    224.099  0.000e+00
     49.433    18.7237    38.1831     2.4799     5.1560    224.095  0.000e+00
     49.433    18.7264    38.1849     2.4799     5.1560    224.097  0.000e+00
     49.331    18.7303    38.1864     2.4799     5.1558    224.089  0.000e+00
     49.382    18.7367    38.1858     2.4799     5.1555    224.077  0.000e+00
     49.251    18.7419    38.1839     2.4811     5.1587    224.217  0.000e+00
     49.491    18.7416    38.1853     2.4811     5.1594    224.245  0.000e+00
     49.273    18.7468    38.1911     2.4811     5.1590    224.229  0.000e+00
     49.331    18.7605    38.1883     2.4811     5.1582    224.195  0.000e+00
     49.273    18.7635    38.1831     2.4811     5.1584    224.206  0.000e+00
     49.222    18.7594    38.1802     2.4811     5.1593    224.243  0.000e+00
     49.222    18.7570    38.1775     2.4811     5.1600    224.273  0.000e+00
     49.222    18.7520    38.1864     2.4811     5.1605    224.295  0.000e+00
     49.171    18.7637    38.1978     2.4823     5.1627    224.389  0.000e+00
     49.171    18.7862    38.1903     2.4823     5.1612    224.325  0.000e+00
     49.142    18.7889    38.1813     2.4823     5.1616    224.346  0.000e+00
     49.113    18.7811    38.1792     2.4823     5.1629    224.400  0.000e+00
     49.012    18.7749    38.1806     2.4823     5.1638    224.438  0.000e+00
     49.062    18.7734    38.1875     2.4823     5.1641    224.450  0.000e+00
     49.011    18.7806    38.1959     2.4823     5.1633    224.417  0.000e+00
     48.953    18.7933    38.1995     2.4823     5.1622    224.366  0.000e+00
     48.902    18.8069    38.2260     2.4823     5.1601    224.274  0.000e+00
     48.902    18.8476    38.2477     2.4823     5.1555    224.073  0.000e+00
     48.873    18.9121    38.2501     2.4823     5.1488    223.784  0.000e+00
     48.793    18.9698    38.2306     2.4823     5.1436    223.566  0.000e+00
     48.793    18.9994    38.2104     2.4823     5.1413    223.470  0.000e+00
     48.743    19.0150    38.1971     2.4823     5.1401    223.422  0.000e+00
     48.743    19.0240    38.1937     2.4823     5.1393    223.386  0.000e+00
     48.634    19.0359    38.2148     2.4823     5.1373    223.296  0.000e+00
     48.633    19.0667    38.2110     2.4823     5.1339    223.153  0.000e+00
     48.583    19.0834    38.2261     2.4823     5.1313    223.038  0.000e+00
     48.554    19.1175    38.2247     2.4835     5.1309    223.022  0.000e+00
     48.474    19.1420    38.2170     2.4823     5.1252    222.775  0.000e+00
     48.423    19.1613    38.2089     2.4835     5.1266    222.838  0.000e+00
     48.423    19.1785    38.1990     2.4835     5.1250    222.774  0.000e+00
     48.423    19.1880    38.1908     2.4823     5.1207    222.588  0.000e+00
     48.372    19.1932    38.1878     2.4835     5.1232    222.697  0.000e+00
     48.314    19.1953    38.1889     2.4835     5.1226    222.673  0.000e+00
     48.263    19.2002    38.1893     2.4835     5.1218    222.636  0.000e+00
     48.234    19.2051    38.1905     2.4835     5.1211    222.606  0.000e+00
     48.212    19.2113    38.1858     2.4835     5.1204    222.579  0.000e+00
     48.161    19.2096    38.1823     2.4848     5.1239    222.730  0.000e+00
     48.161    19.2066    38.1923     2.4848     5.1239    222.727  0.000e+00
     48.052    19.2159    38.1890     2.4848     5.1229    222.686  0.000e+00
     48.052    19.2136    38.1813     2.4848     5.1233    222.702  0.000e+00
     48.001    19.2055    38.1836     2.4860     5.1275    222.884  0.000e+00
     48.023    19.2045    38.1880     2.4872     5.1311    223.043  0.000e+00
     47.943    19.2098    38.1917     2.4872     5.1309    223.033  0.000e+00
     47.892    19.2169    38.1886     2.4872     5.1307    223.023  0.000e+00
     47.892    19.2192    38.1861     2.4884     5.1343    223.180  0.000e+00
     47.841    19.2204    38.1870     2.4884     5.1346    223.194  0.000e+00
     47.841    19.2228    38.1827     2.4897     5.1383    223.358  0.000e+00
     47.783    19.2176    38.1817     2.4897     5.1394    223.406  0.000e+00
     47.652    19.2138    38.1845     2.4909     5.1436    223.586  0.000e+00
     47.841    19.2127    38.1840     2.4909     5.1448    223.636  0.000e+00
     47.681    19.2063    38.1812     2.4921     5.1496    223.849  0.000e+00
     47.681    19.1999    38.1857     2.4921     5.1511    223.913  0.000e+00
     47.623    19.2051    38.1944     2.4921     5.1512    223.914  0.000e+00
     47.572    19.2197    38.2029     2.4933     5.1537    224.021  0.000e+00
     47.623    19.2379    38.2028     2.4933     5.1528    223.986  0.000e+00
     47.543    19.2530    38.1946     2.4945     5.1558    224.116  0.000e+00
     47.521    19.2575    38.1899     2.4945     5.1564    224.146  0.000e+00
     47.521    19.2601    38.1887     2.4945     5.1573    224.185  0.000e+00
     47.463    19.2644    38.1886     2.4958     5.1613    224.357  0.000e+00
     47.463    19.2694    38.1902     2.4958     5.1619    224.383  0.000e+00
     47.412    19.2745    38.1886     2.4958     5.1624    224.407  0.000e+00
     47.412    19.2751    38.1860     2.4970     5.1668    224.597  0.000e+00
     47.383    19.2743    38.1876     2.4970     5.1678    224.642  0.000e+00
     47.412    19.2760    38.1887     2.4970     5.1686    224.674  0.000e+00
     47.303    19.2772    38.1882     2.4982     5.1726    224.850  0.000e+00
     47.361    19.2777    38.1895     2.4970     5.1700    224.738  0.000e+00
     47.303    19.2804    38.1898     2.4982     5.1737    224.898  0.000e+00
     47.252    19.2826    38.1870     2.4994     5.1776    225.068  0.000e+00
     47.172    19.2793    38.1818     2.4994     5.1788    225.121  0.000e+00
     47.361    19.2702    38.1819     2.4994     5.1805    225.193  0.000e+00
     47.201    19.2674    38.1843     2.4994     5.1811    225.218  0.000e+00
     47.201    19.2689    38.1880     2.4994     5.1811    225.221  0.000e+00
     47.201    19.2722    38.1887     2.4994     5.1810    225.214  0.000e+00
     47.143    19.2712    38.1904     2.4994     5.1811    225.217  0.000e+00
     47.143    19.2708    38.1872     2.4994     5.1811    225.220  0.000e+00
     47.114    19.2696    38.1801     2.5019     5.1883    225.534  0.000e+00
     47.092    19.2614    38.1799     2.5019     5.1893    225.574  0.000e+00
     47.092    19.2559    38.1820     2.5019     5.1900    225.604  0.000e+00
     47.092    19.2512    38.1857     2.5019     5.1904    225.621  0.000e+00
     47.041    19.2509    38.1889     2.5019     5.1899    225.601  0.000e+00
     47.041    19.2528    38.1909     2.5031     5.1928    225.727  0.000e+00
     47.012    19.2537    38.1948     2.5031     5.1924    225.709  0.000e+00
     46.983    19.2573    38.1957     2.5031     5.1917    225.676  0.000e+00
     46.983    19.2620    38.1948     2.5031     5.1907    225.635  0.000e+00
     46.932    19.2684    38.1961     2.5043     5.1927    225.724  0.000e+00
     46.983    19.2796    38.1926     2.5043     5.1914    225.666  0.000e+00
     46.932    19.2878    38.1895     2.5043     5.1901    225.612  0.000e+00
     46.852    19.2939    38.1851     2.5043     5.1889    225.562  0.000e+00
     46.932    19.2934    38.1862     2.5043     5.1882    225.529  0.000e+00
     46.881    19.2920    38.1895     2.5043     5.1875    225.497  0.000e+00
     46.823    19.2939    38.1888     2.5043     5.1866    225.461  0.000e+00
     46.823    19.2923    38.1903     2.5043     5.1860    225.432  0.000e+00
     46.823    19.2922    38.1936     2.5043     5.1850    225.388  0.000e+00
     46.794    19.2958    38.1950     2.5055     5.1872    225.483  0.000e+00
     46.772    19.3019    38.1930     2.5055     5.1859    225.428  0.000e+00
     46.772    19.3055    38.1914     2.5055     5.1850    225.390  0.000e+00
     46.721    19.3079    38.1901     2.5055     5.1840    225.348  0.000e+00
     46.721    19.3098    38.1895     2.5055     5.1833    225.315  0.000e+00
     46.663    19.3114    38.1890     2.5055     5.1824    225.276  0.000e+00
     46.692    19.3119    38.1891     2.5055     5.1817    225.249  0.000e+00
     46.663    19.3133    38.1902     2.5055     5.1808    225.210  0.000e+00
     46.612    19.3159    38.1908     2.5055     5.1797    225.161  0.000e+00
     46.612    19.3177    38.1936     2.5055     5.1788    225.121  0.000e+00
     46.561    19.3244    38.1964     2.5055     5.1772    225.052  0.000e+00
     46.561    19.3369    38.1943     2.5055     5.1754    224.974  0.000e+00
     46.532    19.3418    38.1924     2.5055     5.1743    224.925  0.000e+00
     46.503    19.3422    38.1932     2.5055     5.1734    224.887  0.000e+00
     46.452    19.3442    38.1945     2.5055     5.1725    224.847  0.000e+00
     46.452    19.3503    38.1977     2.5055     5.1710    224.785  0.000e+00
     46.401    19.3604    38.1951     2.5055     5.1693    224.709  0.000e+00
     46.401    19.3642    38.1919     2.5055     5.1684    224.670  0.000e+00
     46.372    19.3646    38.1918     2.5055     5.1676    224.638  0.000e+00
     46.343    19.3668    38.1940     2.5055     5.1665    224.591  0.000e+00
     46.292    19.3713    38.1945     2.5068     5.1689    224.692  0.000e+00
     46.241    19.3761    38.1947     2.5068     5.1677    224.641  0.000e+00
     46.241    19.3804    38.1955     2.5068     5.1667    224.600  0.000e+00
     46.241    19.3865    38.1967     2.5068     5.1658    224.558  0.000e+00
     46.161    19.3936    38.1954     2.5068     5.1647    224.511  0.000e+00
     46.183    19.3981    38.1951     2.5068     5.1638    224.473  0.000e+00
     46.082    19.4032    38.1952     2.5068     5.1627    224.427  0.000e+00
     46.132    19.4079    38.1944     2.5068     5.1618    224.386  0.000e+00
     46.081    19.4118    38.1963     2.5068     5.1607    224.338  0.000e+00
     46.002    19.4178    38.1971     2.5068     5.1593    224.279  0.000e+00
     45.972    19.4239    38.2001     2.5068     5.1579    224.216  0.000e+00
     46.023    19.4333    38.2008     2.5068     5.1567    224.164  0.000e+00
     45.922    19.4417    38.2006     2.5068     5.1554    224.111  0.000e+00
     45.922    19.4512    38.2042     2.5068     5.1540    224.048  0.000e+00
     45.863    19.4676    38.2068     2.5080     5.1552    224.103  0.000e+00
     45.842    19.4881    38.2012     2.5080     5.1531    224.013  0.000e+00
     45.812    19.4989    38.1917     2.5080     5.1523    223.980  0.000e+00
     45.812    19.4950    38.1857     2.5080     5.1528    224.002  0.000e+00
     45.762    19.4850    38.1896     2.5080     5.1535    224.033  0.000e+00
     45.711    19.4886    38.1907     2.5080     5.1530    224.008  0.000e+00
     45.732    19.4896    38.1852     2.5092     5.1565    224.163  0.000e+00
     45.653    19.4810    38.1745     2.5092     5.1579    224.225  0.000e+00
     45.653    19.4620    38.1779     2.5092     5.1599    224.310  0.000e+00
     45.602    19.4583    38.1864     2.5092     5.1602    224.320  0.000e+00
     45.602    19.4612    38.1891     2.5092     5.1599    224.309  0.000e+00
     45.573    19.4556    38.1869     2.5104     5.1640    224.488  0.000e+00
     45.551    19.4471    38.1865     2.5104     5.1652    224.537  0.000e+00
     45.493    19.4425    38.1887     2.5104     5.1658    224.562  0.000e+00
     45.442    19.4397    38.1896     2.5104     5.1662    224.579  0.000e+00
     45.493    19.4351    38.1890     2.5104     5.1671    224.618  0.000e+00
     45.413    19.4314    38.1869     2.5104     5.1678    224.650  0.000e+00
     45.391    19.4232    38.1844     2.5104     5.1690    224.702  0.000e+00
     45.333    19.4121    38.1980     2.5104     5.1699    224.739  0.000e+00
     45.391    19.4305    38.2040     2.5116     5.1716    224.811  0.000e+00
     45.333    19.4460    38.1908     2.5116     5.1708    224.780  0.000e+00
     45.253    19.4305    38.1896     2.5116     5.1727    224.863  0.000e+00
     45.282    19.4176    38.1943     2.5116     5.1742    224.925  0.000e+00
     45.231    19.4152    38.1987     2.5116     5.1745    224.939  0.000e+00
     45.231    19.4194    38.2075     2.5129     5.1775    225.066  0.000e+00
     45.173    19.4396    38.2073     2.5116     5.1724    224.847  0.000e+00
     45.202    19.4494    38.1896     2.5129     5.1755    224.985  0.000e+00
     45.122    19.4286    38.1807     2.5129     5.1781    225.098  0.000e+00
     45.071    19.4079    38.1810     2.5129     5.1804    225.195  0.000e+00
     45.122    19.3947    38.1868     2.5116     5.1783    225.104  0.000e+00
     45.071    19.3921    38.2186     2.5116     5.1774    225.060  0.000e+00
     45.042    19.4448    38.2458     2.5129     5.1745    224.933  0.000e+00
     45.013    19.5148    38.2343     2.5129     5.1679    224.650  0.000e+00
     44.962    19.5541    38.2143     2.5129     5.1645    224.508  0.000e+00
     45.013    19.5663    38.2094     2.5129     5.1633    224.460  0.000e+00
     44.911    19.5739    38.2037     2.5129     5.1628    224.437  0.000e+00
     44.933    19.5720    38.1993     2.5129     5.1631    224.453  0.000e+00
     44.853    19.5698    38.1943     2.5116     5.1600    224.320  0.000e+00
     44.853    19.5640    38.1975     2.5116     5.1602    224.326  0.000e+00
     44.853    19.5648    38.2048     2.5116     5.1596    224.298  0.000e+00
     44.802    19.5812    38.2067     2.5116     5.1575    224.207  0.000e+00
     44.773    19.5954    38.1986     2.5116     5.1559    224.140  0.000e+00
     44.751    19.5897    38.1991     2.5116     5.1560    224.143  0.000e+00
     44.751    19.5917    38.1997     2.5116     5.1553    224.113  0.000e+00
     44.751    19.5950    38.2037     2.5116     5.1543    224.070  0.000e+00
     44.642    19.5993    38.2052     2.5116     5.1532    224.021  0.000e+00
     44.664    19.6100    38.2097     2.5116     5.1514    223.944  0.000e+00
     44.642    19.6300    38.2121     2.5116     5.1487    223.826  0.000e+00
     44.642    19.6495    38.2113     2.5116     5.1461    223.715  0.000e+00
