Data/2022/Day1/ctds/ST3_D1.cnv
* Sea-Bird SBE 9 Data File:
* FileName = C:\CTD\Mir-MER\ST3_D1.hex
* Software Version Seasave V 7.26.7.121
* Temperature SN = 0809
* Conductivity SN = 3159
* Number of Bytes Per Scan = 24
* Number of Voltage Words = 4
* Number of Scans Averaged by the Deck Unit = 1
** Ship: antedon
** Station: ST
** Operator: me and myself
# nquan = 7
# nvalues = 5229                                  
# units = specified
# name 0 = prDM: Pressure, Digiquartz [db]
# name 1 = t090C: Temperature [ITS-90, deg C]
# name 2 = sal00: Salinity, Practical [PSU]
# name 3 = sbeox0V: Oxygen raw, SBE 43 [V]
# name 4 = sbeox0ML/L: Oxygen, SBE 43 [ml/l]
# name 5 = sbox0Mm/Kg: Oxygen, SBE 43 [umol/kg]
# name 6 = flag:  0.000e+00
# span 0 =     -0.850,     51.244                 
# span 1 =    18.5878,    21.2662                 
# span 2 =    37.9180,    38.2906                 
# span 3 =     2.3444,     2.5263                 
# span 4 =     4.3853,     5.2024                 
# span 5 =    190.717,    226.115                 
# span 6 = 0.0000e+00, 0.0000e+00                 
# interval = seconds: 0.0416667
# start_time = Oct 11 2022 11:25:45 [System UTC, header]
# bad_flag = -9.990e-29
*END*
[from data line 3283]
     44.613    19.6842    38.2115     2.5116     5.1417    223.524  0.000e+00
     44.533    19.6994    38.2078     2.5129     5.1431    223.587  0.000e+00
     44.533    19.7110    38.2029     2.5129     5.1417    223.530  0.000e+00
     44.482    19.7204    38.2008     2.5129     5.1405    223.476  0.000e+00
     44.431    19.7287    38.1997     2.5129     5.1392    223.423  0.000e+00
     44.453    19.7324    38.1966     2.5129     5.1388    223.403  0.000e+00
     44.431    19.7341    38.2000     2.5129     5.1382    223.380  0.000e+00
     44.431    19.7397    38.1961     2.5129     5.1375    223.350  0.000e+00
     44.322    19.7363    38.1979     2.5141     5.1408    223.493  0.000e+00
     44.373    19.7390    38.2029     2.5141     5.1403    223.471  0.000e+00
     44.293    19.7469    38.2104     2.5141     5.1394    223.429  0.000e+00
     44.322    19.7665    38.2098     2.5141     5.1375    223.350  0.000e+00
     44.271    19.7809    38.2027     2.5141     5.1363    223.300  0.000e+00
     44.271    19.7816    38.1980     2.5141     5.1364    223.305  0.000e+00
     44.184    19.7804    38.2000     2.5141     5.1364    223.304  0.000e+00
     44.271    19.7867    38.1991     2.5141     5.1358    223.279  0.000e+00
     44.162    19.7895    38.1975     2.5153     5.1388    223.410  0.000e+00
     44.162    19.7897    38.1936     2.5153     5.1391    223.420  0.000e+00
     44.111    19.7850    38.1959     2.5153     5.1397    223.449  0.000e+00
     44.082    19.7818    38.1985     2.5165     5.1436    223.617  0.000e+00
     44.111    19.7822    38.2001     2.5165     5.1440    223.635  0.000e+00
     44.053    19.7834    38.2012     2.5165     5.1443    223.646  0.000e+00
     44.002    19.7850    38.2014     2.5165     5.1445    223.656  0.000e+00
     44.024    19.7870    38.2094     2.5177     5.1481    223.809  0.000e+00
     43.951    19.8025    38.2118     2.5177     5.1470    223.763  0.000e+00
     43.951    19.8091    38.2020     2.5177     5.1474    223.782  0.000e+00
     43.893    19.7989    38.1984     2.5190     5.1526    224.007  0.000e+00
     43.922    19.7961    38.2099     2.5190     5.1534    224.041  0.000e+00
     43.842    19.8151    38.2139     2.5190     5.1520    223.979  0.000e+00
     43.842    19.8309    38.2096     2.5190     5.1511    223.942  0.000e+00
     43.791    19.8365    38.2102     2.5202     5.1546    224.095  0.000e+00
     43.791    19.8473    38.2074     2.5202     5.1545    224.093  0.000e+00
     43.762    19.8565    38.2079     2.5202     5.1544    224.089  0.000e+00
     43.791    19.8637    38.2095     2.5202     5.1545    224.091  0.000e+00
     43.631    19.8751    38.2094     2.5214     5.1573    224.217  0.000e+00
     43.682    19.8860    38.2068     2.5214     5.1572    224.215  0.000e+00
     43.653    19.8926    38.2083     2.5226     5.1605    224.355  0.000e+00
     43.631    19.8987    38.2040     2.5226     5.1607    224.367  0.000e+00
     43.573    19.8977    38.1982     2.5214     5.1582    224.260  0.000e+00
     43.573    19.8916    38.1961     2.5226     5.1626    224.450  0.000e+00
     43.544    19.8862    38.1985     2.5226     5.1635    224.490  0.000e+00
     43.471    19.8846    38.1993     2.5226     5.1640    224.510  0.000e+00
     43.471    19.8845    38.2010     2.5226     5.1643    224.522  0.000e+00
     43.471    19.8860    38.2053     2.5239     5.1676    224.665  0.000e+00
     43.384    19.8900    38.2096     2.5239     5.1674    224.655  0.000e+00
     43.420    19.8993    38.2079     2.5239     5.1668    224.630  0.000e+00
     43.362    19.9029    38.1994     2.5239     5.1668    224.633  0.000e+00
     43.311    19.8970    38.2036     2.5239     5.1673    224.653  0.000e+00
     43.282    19.9017    38.2081     2.5239     5.1667    224.624  0.000e+00
     43.311    19.9077    38.2073     2.5239     5.1660    224.595  0.000e+00
     43.202    19.9099    38.2052     2.5239     5.1658    224.587  0.000e+00
     43.260    19.9108    38.2046     2.5239     5.1657    224.582  0.000e+00
     43.064    19.9136    38.2027     2.5239     5.1652    224.561  0.000e+00
     43.260    19.9125    38.1997     2.5239     5.1653    224.565  0.000e+00
     43.151    19.9066    38.2033     2.5239     5.1653    224.568  0.000e+00
     43.100    19.9107    38.2093     2.5251     5.1677    224.669  0.000e+00
     43.100    19.9153    38.2093     2.5251     5.1669    224.637  0.000e+00
     43.064    19.9132    38.2000     2.5251     5.1673    224.653  0.000e+00
     42.991    19.9027    38.1939     2.5251     5.1682    224.696  0.000e+00
     42.991    19.8926    38.1971     2.5251     5.1688    224.720  0.000e+00
     42.991    19.8900    38.1991     2.5251     5.1686    224.711  0.000e+00
     42.962    19.8860    38.2021     2.5263     5.1718    224.849  0.000e+00
     42.940    19.8844    38.2103     2.5263     5.1714    224.828  0.000e+00
     42.831    19.8919    38.2151     2.5263     5.1700    224.766  0.000e+00
     42.802    19.9034    38.2177     2.5263     5.1682    224.689  0.000e+00
     42.940    19.9165    38.2180     2.5251     5.1632    224.473  0.000e+00
     42.831    19.9277    38.2154     2.5263     5.1648    224.543  0.000e+00
     42.780    19.9358    38.2126     2.5263     5.1635    224.487  0.000e+00
     42.802    19.9416    38.2110     2.5263     5.1626    224.448  0.000e+00
     42.722    19.9485    38.2077     2.5263     5.1614    224.400  0.000e+00
     42.722    19.9520    38.2048     2.5251     5.1573    224.219  0.000e+00
     42.671    19.9513    38.2031     2.5251     5.1565    224.186  0.000e+00
     42.693    19.9472    38.2043     2.5251     5.1562    224.173  0.000e+00
     42.620    19.9457    38.2050     2.5251     5.1555    224.144  0.000e+00
     42.671    19.9467    38.2057     2.5251     5.1547    224.106  0.000e+00
     42.562    19.9518    38.2088     2.5251     5.1534    224.050  0.000e+00
     42.584    19.9625    38.2057     2.5239     5.1484    223.835  0.000e+00
     42.511    19.9578    38.2135     2.5239     5.1477    223.801  0.000e+00
     42.562    19.9668    38.2139     2.5239     5.1458    223.722  0.000e+00
     42.460    19.9746    38.2111     2.5239     5.1443    223.657  0.000e+00
     42.482    19.9825    38.2120     2.5239     5.1427    223.589  0.000e+00
     42.460    19.9902    38.2036     2.5239     5.1414    223.533  0.000e+00
     42.402    19.9842    38.2030     2.5239     5.1411    223.520  0.000e+00
     42.402    19.9809    38.2102     2.5239     5.1406    223.495  0.000e+00
     42.373    19.9875    38.2139     2.5239     5.1392    223.433  0.000e+00
     42.351    19.9963    38.2100     2.5239     5.1380    223.382  0.000e+00
     42.351    20.0011    38.2106     2.5239     5.1370    223.341  0.000e+00
     42.242    20.0085    38.2101     2.5239     5.1356    223.278  0.000e+00
     42.264    20.0137    38.2103     2.5239     5.1346    223.235  0.000e+00
     42.242    20.0180    38.2077     2.5239     5.1337    223.200  0.000e+00
     42.191    20.0184    38.2068     2.5239     5.1332    223.177  0.000e+00
     42.213    20.0189    38.2075     2.5239     5.1326    223.152  0.000e+00
     42.140    20.0204    38.2087     2.5239     5.1321    223.130  0.000e+00
     42.191    20.0227    38.2089     2.5226     5.1283    222.963  0.000e+00
     42.082    20.0257    38.2109     2.5226     5.1274    222.923  0.000e+00
     42.053    20.0311    38.2122     2.5226     5.1263    222.877  0.000e+00
     42.082    20.0363    38.2113     2.5239     5.1287    222.983  0.000e+00
     42.031    20.0383    38.2119     2.5226     5.1249    222.815  0.000e+00
     41.980    20.0415    38.2090     2.5226     5.1242    222.784  0.000e+00
     42.002    20.0415    38.2077     2.5226     5.1237    222.767  0.000e+00
     41.922    20.0415    38.2098     2.5226     5.1232    222.742  0.000e+00
     41.922    20.0449    38.2076     2.5226     5.1225    222.713  0.000e+00
     41.893    20.0384    38.2105     2.5226     5.1226    222.716  0.000e+00
     41.871    20.0356    38.2088     2.5239     5.1258    222.858  0.000e+00
     41.820    20.0300    38.2038     2.5226     5.1232    222.743  0.000e+00
     41.820    20.0212    38.2054     2.5239     5.1272    222.917  0.000e+00
     41.842    20.0198    38.2117     2.5239     5.1272    222.917  0.000e+00
     41.711    20.0252    38.2151     2.5239     5.1266    222.889  0.000e+00
     41.762    20.0330    38.2164     2.5239     5.1259    222.860  0.000e+00
     41.711    20.0399    38.2163     2.5239     5.1254    222.835  0.000e+00
     41.733    20.0466    38.2139     2.5239     5.1251    222.826  0.000e+00
     41.660    20.0510    38.2119     2.5239     5.1251    222.825  0.000e+00
     41.660    20.0532    38.2113     2.5239     5.1253    222.834  0.000e+00
     41.573    20.0555    38.2101     2.5239     5.1254    222.841  0.000e+00
     41.602    20.0569    38.2101     2.5239     5.1255    222.844  0.000e+00
     41.551    20.0583    38.2095     2.5239     5.1258    222.857  0.000e+00
     41.551    20.0588    38.2091     2.5239     5.1262    222.875  0.000e+00
     41.573    20.0597    38.2083     2.5239     5.1267    222.894  0.000e+00
     41.500    20.0611    38.2071     2.5226     5.1236    222.763  0.000e+00
     41.442    20.0606    38.2068     2.5239     5.1271    222.913  0.000e+00
     41.464    20.0595    38.2072     2.5239     5.1275    222.930  0.000e+00
     41.442    20.0599    38.2078     2.5239     5.1277    222.940  0.000e+00
     41.442    20.0604    38.2080     2.5239     5.1280    222.952  0.000e+00
     41.391    20.0607    38.2081     2.5226     5.1249    222.817  0.000e+00
     41.362    20.0606    38.2086     2.5226     5.1250    222.821  0.000e+00
     41.340    20.0609    38.2086     2.5239     5.1282    222.960  0.000e+00
     41.391    20.0612    38.2082     2.5226     5.1249    222.820  0.000e+00
     41.304    20.0616    38.2078     2.5226     5.1248    222.813  0.000e+00
     41.282    20.0620    38.2078     2.5226     5.1246    222.807  0.000e+00
     41.231    20.0620    38.2081     2.5239     5.1279    222.948  0.000e+00
     41.282    20.0621    38.2078     2.5239     5.1281    222.956  0.000e+00
     41.202    20.0620    38.2079     2.5239     5.1282    222.961  0.000e+00
     41.231    20.0620    38.2076     2.5239     5.1284    222.968  0.000e+00
     41.180    20.0620    38.2081     2.5239     5.1285    222.973  0.000e+00
     41.144    20.0621    38.2086     2.5239     5.1286    222.977  0.000e+00
     41.130    20.0626    38.2083     2.5239     5.1287    222.981  0.000e+00
     41.129    20.0634    38.2091     2.5239     5.1287    222.984  0.000e+00
     40.984    20.0646    38.2086     2.5239     5.1287    222.982  0.000e+00
     41.180    20.0642    38.2085     2.5239     5.1290    222.996  0.000e+00
     41.071    20.0640    38.2099     2.5239     5.1290    222.998  0.000e+00
     40.970    20.0649    38.2107     2.5239     5.1290    222.997  0.000e+00
     40.984    20.0665    38.2101     2.5239     5.1290    222.998  0.000e+00
     40.970    20.0672    38.2097     2.5239     5.1289    222.992  0.000e+00
     40.969    20.0665    38.2096     2.5239     5.1289    222.991  0.000e+00
     40.882    20.0667    38.2099     2.5239     5.1287    222.983  0.000e+00
     40.911    20.0674    38.2091     2.5239     5.1288    222.987  0.000e+00
     40.860    20.0677    38.2097     2.5239     5.1286    222.979  0.000e+00
     40.860    20.0681    38.2095     2.5239     5.1284    222.972  0.000e+00
     40.773    20.0681    38.2099     2.5239     5.1282    222.963  0.000e+00
     40.751    20.0686    38.2098     2.5239     5.1280    222.954  0.000e+00
     40.751    20.0696    38.2098     2.5239     5.1278    222.943  0.000e+00
     40.722    20.0703    38.2097     2.5239     5.1275    222.933  0.000e+00
     40.650    20.0705    38.2097     2.5239     5.1275    222.933  0.000e+00
     40.650    20.0709    38.2104     2.5239     5.1273    222.923  0.000e+00
     40.664    20.0715    38.2110     2.5239     5.1273    222.922  0.000e+00
     40.541    20.0728    38.2110     2.5239     5.1271    222.916  0.000e+00
     40.591    20.0740    38.2107     2.5239     5.1271    222.915  0.000e+00
     40.541    20.0740    38.2088     2.5239     5.1272    222.919  0.000e+00
     40.453    20.0709    38.2041     2.5239     5.1277    222.939  0.000e+00
     40.490    20.0614    38.2071     2.5239     5.1286    222.978  0.000e+00
     40.432    20.0611    38.2073     2.5239     5.1286    222.980  0.000e+00
     40.344    20.0590    38.2097     2.5239     5.1287    222.985  0.000e+00
     40.381    20.0606    38.2116     2.5226     5.1253    222.833  0.000e+00
     40.330    20.0635    38.2119     2.5226     5.1248    222.812  0.000e+00
     40.293    20.0634    38.2116     2.5226     5.1246    222.805  0.000e+00
     40.221    20.0637    38.2137     2.5226     5.1243    222.793  0.000e+00
     40.221    20.0681    38.2169     2.5239     5.1270    222.910  0.000e+00
     40.184    20.0747    38.2168     2.5226     5.1229    222.729  0.000e+00
     40.170    20.0789    38.2148     2.5226     5.1224    222.709  0.000e+00
     40.170    20.0818    38.2133     2.5226     5.1220    222.693  0.000e+00
     40.083    20.0843    38.2126     2.5226     5.1216    222.677  0.000e+00
     40.061    20.0871    38.2115     2.5226     5.1213    222.661  0.000e+00
     40.010    20.0879    38.2087     2.5226     5.1209    222.646  0.000e+00
     40.061    20.0864    38.2069     2.5226     5.1208    222.642  0.000e+00
     39.974    20.0848    38.2093     2.5226     5.1207    222.639  0.000e+00
     39.901    20.0865    38.2119     2.5226     5.1201    222.612  0.000e+00
     39.901    20.0885    38.2114     2.5226     5.1196    222.591  0.000e+00
     39.923    20.0907    38.2133     2.5226     5.1191    222.565  0.000e+00
     39.850    20.0967    38.2134     2.5226     5.1183    222.534  0.000e+00
     39.792    20.1009    38.2136     2.5226     5.1178    222.511  0.000e+00
     39.814    20.1045    38.2126     2.5226     5.1174    222.496  0.000e+00
     39.741    20.1061    38.2115     2.5226     5.1172    222.486  0.000e+00
     39.741    20.1056    38.2089     2.5226     5.1173    222.490  0.000e+00
     39.705    20.1019    38.2071     2.5226     5.1176    222.505  0.000e+00
     39.690    20.0979    38.2094     2.5214     5.1146    222.371  0.000e+00
     39.632    20.0993    38.2122     2.5226     5.1174    222.495  0.000e+00
     39.654    20.1044    38.2130     2.5226     5.1169    222.474  0.000e+00
     39.581    20.1077    38.2139     2.5226     5.1166    222.457  0.000e+00
     39.581    20.1115    38.2138     2.5226     5.1162    222.442  0.000e+00
     39.552    20.1174    38.2116     2.5214     5.1123    222.275  0.000e+00
     39.530    20.1208    38.2100     2.5214     5.1119    222.255  0.000e+00
     39.472    20.1211    38.2091     2.5214     5.1117    222.247  0.000e+00
     39.494    20.1192    38.2090     2.5226     5.1151    222.395  0.000e+00
     39.421    20.1174    38.2089     2.5226     5.1153    222.405  0.000e+00
     39.472    20.1159    38.2098     2.5226     5.1156    222.416  0.000e+00
     39.392    20.1157    38.2119     2.5226     5.1156    222.416  0.000e+00
     39.421    20.1176    38.2110     2.5226     5.1156    222.416  0.000e+00
     39.312    20.1164    38.2104     2.5226     5.1158    222.424  0.000e+00
     39.392    20.1154    38.2090     2.5226     5.1161    222.439  0.000e+00
     39.312    20.1134    38.2101     2.5226     5.1164    222.450  0.000e+00
     39.312    20.1131    38.2116     2.5226     5.1165    222.456  0.000e+00
     39.283    20.1145    38.2117     2.5226     5.1165    222.457  0.000e+00
     39.261    20.1151    38.2106     2.5226     5.1167    222.463  0.000e+00
     39.261    20.1152    38.2126     2.5226     5.1168    222.468  0.000e+00
